Time - Pre2	TTL signal - Pre2	Time - Pre	TTL signal - Pre	
0.215625	24.3869	0.635938	15.2289	
0.217188	4.40583	0.6375	42.4948	
0.21875	15.0208	0.639063	22.0974	
0.220313	7.73601	0.640625	34.7937	
0.221875	1.70006	0.642188	18.351	
0.223438	30.2147	0.64375	47.9063	
0.225	2.5326	0.645313	5.23837	
0.226562	46.0331	0.646875	0.0349669	
0.228125	24.3869	0.648437	19.1835	
0.229688	21.2649	0.65	31.0473	
0.23125	22.93	0.651563	27.0927	
0.232813	-2.0464	0.653125	15.2289	
0.234375	1.90819	0.654688	19.5998	
0.235938	18.1428	0.65625	29.5903	
0.2375	-2.46267	0.657813	31.8798	
0.239063	16.894	0.659375	29.3822	
0.240625	34.7937	0.660938	35.4181	
0.242187	4.40583	0.6625	49.1551	
0.24375	1.90819	0.664062	47.2819	
0.245313	28.1334	0.665625	0.659376	
0.246875	-4.12776	0.667188	42.0785	
0.248438	14.8126	0.66875	39.789	
0.25	0.451239	0.670313	13.3557	
0.251563	-0.381306	0.671875	40.8297	
0.253125	17.3103	0.673438	21.6811	
0.254688	16.4777	0.675	20.8486	
0.25625	-6.20912	0.676563	7.52787	
0.257812	2.11633	0.678125	30.0066	
0.259375	-6.00098	0.679687	31.4635	
0.260937	7.94414	0.68125	25.4276	
0.2625	12.9394	0.682813	20.6405	
0.264063	26.6764	0.684375	31.0473	
0.265625	13.1475	0.685938	33.9612	
0.267188	13.3557	0.6875	17.3103	
0.26875	8.15228	0.689063	7.94414	
0.270313	22.0974	0.690625	22.7218	
0.271875	10.0255	0.692188	36.8751	
0.273437	29.174	0.69375	10.2336	
0.275	-2.6708	0.695312	23.3462	
0.276562	-18.281	0.696875	36.4588	
0.278125	-9.5393	0.698438	27.3008	
0.279688	-4.54403	0.7	48.947	
0.28125	-29.1041	0.701563	17.1021	
0.282813	-15.7834	0.703125	48.1144	
0.284375	4.8221	0.704688	11.8987	
0.285938	-22.0275	0.70625	-18.6973	
0.2875	6.90346	0.707813	38.1239	
0.289062	-9.95557	0.709375	9.4011	
0.290625	-16.6159	0.710937	35.4181	
0.292187	12.7313	0.7125	28.5496	
0.29375	2.11633	0.714063	10.0255	
0.295313	6.48719	0.715625	7.1116	
0.296875	-27.439	0.717188	18.1428	
0.298438	24.8032	0.71875	41.4541	
0.3	35.8344	0.720313	21.8893	
0.301563	8.56855	0.721875	52.2772	
0.303125	26.052	0.723438	38.5402	
0.304687	5.23837	0.725	20.6405	
0.30625	-8.91489	0.726562	34.3774	
0.307813	14.3964	0.728125	52.9016	
0.309375	4.40583	0.729688	37.2914	
0.310938	18.9754	0.73125	2.5326	
0.3125	25.8439	0.732813	23.7625	
0.314063	9.60923	0.734375	32.9205	
0.315625	14.3964	0.735938	46.8656	
0.317188	11.6906	0.7375	41.2459	
0.31875	19.1835	0.739063	54.5667	
0.320312	4.8221	0.740625	28.5496	
0.321875	-7.66607	0.742187	34.1693	
0.323438	15.437	0.74375	27.3008	
0.325	-0.589442	0.745313	14.6045	
0.326563	12.7313	0.746875	21.6811	
0.328125	25.6357	0.748438	42.2866	
0.329688	19.3916	0.75	37.2914	
0.33125	2.74074	0.751563	32.0879	
0.332813	-0.173169	0.753125	31.2554	
0.334375	17.1021	0.754688	26.6764	
0.335937	-21.6112	0.75625	17.7265	
0.3375	6.27905	0.757812	30.8391	
0.339063	-13.0776	0.759375	-3.91962	
0.340625	-11.4125	0.760938	27.0927	
0.342188	-18.281	0.7625	23.5544	
0.34375	-11.2044	0.764063	22.7218	
0.345313	-10.3718	0.765625	45.8249	
0.346875	-19.3217	0.767188	23.9706	
0.348438	-18.281	0.76875	30.0066	
0.35	-14.3264	0.770313	26.4683	
0.351562	-43.4655	0.771875	40.6215	
0.353125	-18.6973	0.773437	22.3055	
0.354688	-19.3217	0.775	9.19296	
0.35625	-18.4892	0.776563	29.174	
0.357813	-17.0322	0.778125	23.5544	
0.359375	-31.1855	0.779688	26.2601	
0.360938	-35.9726	0.78125	23.1381	
0.3625	-12.2451	0.782813	48.3226	
0.364063	-9.5393	0.784375	47.6982	
0.365625	-30.3529	0.785938	42.911	
0.367187	-6.00098	0.7875	17.5184	
0.36875	-12.0369	0.789062	39.3727	
0.370313	-2.6708	0.790625	19.3916	
0.371875	-13.0776	0.792188	40.8297	
0.373438	-21.6112	0.79375	24.1788	
0.375	-31.6017	0.795313	42.911	
0.376563	-15.5753	0.796875	29.5903	
0.378125	2.11633	0.798438	31.6717	
0.379688	-12.0369	0.8	27.5089	
0.38125	-14.3264	0.801563	-1.83826	
0.382812	-3.29521	0.803125	25.2195	
0.384375	10.2336	0.804687	14.1882	
0.385938	-16.6159	0.80625	21.6811	
0.3875	-27.439	0.807813	41.0378	
0.389063	-24.317	0.809375	1.49192	
0.390625	-23.0682	0.810938	22.93	
0.392188	-27.2309	0.8125	2.74074	
0.39375	-9.5393	0.814063	35.21	
0.395313	-1.63012	0.815625	33.3368	
0.396875	9.60923	0.817188	13.1475	
0.398437	12.7313	0.81875	8.98482	
0.4	-23.4844	0.820312	11.2743	
0.401563	-3.50335	0.821875	12.1069	
0.403125	1.70006	0.823438	14.8126	
0.404688	-11.6207	0.825	15.0208	
0.40625	-19.3217	0.826563	20.016	
0.407813	-22.2356	0.828125	46.6575	
0.409375	-6.41726	0.829688	11.4825	
0.410938	-3.29521	0.83125	7.52787	
0.4125	-15.5753	0.832813	34.3774	
0.414062	-11.4125	0.834375	34.3774	
0.415625	-16.1997	0.835937	33.1286	
0.417188	7.94414	0.8375	44.5761	
0.41875	-13.0776	0.839063	28.9659	
0.420313	-26.3983	0.840625	25.4276	
0.421875	10.0255	0.842188	20.4323	
0.423438	-5.37658	0.84375	36.2507	
0.425	-6.62539	0.845313	23.5544	
0.426563	-4.12776	0.846875	26.6764	
0.428125	-8.29048	0.848438	30.0066	
0.429687	12.5231	0.85	42.7029	
0.43125	-9.74744	0.851562	32.2961	
0.432813	7.31974	0.853125	27.3008	
0.434375	8.56855	0.854688	47.2819	
0.435938	-8.70675	0.85625	34.7937	
0.4375	-11.8288	0.857813	32.0879	
0.439063	-30.1448	0.859375	36.2507	
0.440625	14.6045	0.860938	24.1788	
0.442188	-7.45794	0.8625	34.1693	
0.44375	-7.66607	0.864063	36.6669	
0.445312	8.15228	0.865625	25.6357	
0.446875	7.1116	0.867187	25.4276	
0.448438	-0.173169	0.86875	33.1286	
0.45	-13.4939	0.870313	38.5402	
0.451563	15.437	0.871875	39.9971	
0.453125	-5.58471	0.873438	46.0331	
0.454688	15.437	0.875	23.1381	
0.45625	-4.12776	0.876563	34.7937	
0.457813	8.98482	0.878125	34.7937	
0.459375	-3.91962	0.879688	26.6764	
0.460937	-2.25453	0.88125	15.6452	
0.4625	14.8126	0.882812	22.3055	
0.464063	7.1116	0.884375	23.3462	
0.465625	17.5184	0.885938	19.3916	
0.467188	1.28378	0.8875	22.93	
0.46875	12.1069	0.889063	-0.381306	
0.470313	38.9564	0.890625	37.4995	
0.471875	9.60923	0.892188	20.016	
0.473438	15.437	0.89375	38.5402	
0.475	13.772	0.895313	33.1286	
0.476562	7.73601	0.896875	17.5184	
0.478125	5.86278	0.898437	17.9347	
0.479688	0.451239	0.9	22.3055	
0.48125	-12.8695	0.901563	17.1021	
0.482813	10.4418	0.903125	18.7672	
0.484375	38.7483	0.904688	13.5638	
0.485938	23.9706	0.90625	16.0615	
0.4875	11.4825	0.907813	37.2914	
0.489063	13.5638	0.909375	30.4229	
0.490625	23.7625	0.910938	31.6717	
0.492187	32.9205	0.9125	41.6622	
0.49375	-2.0464	0.914062	24.8032	
0.495313	17.9347	0.915625	25.8439	
0.496875	16.894	0.917188	62.4758	
0.498438	21.473	0.91875	15.8533	
0.5	10.4418	0.920313	8.56855	
0.501563	8.77669	0.921875	3.15701	
0.503125	9.19296	0.923438	56.4399	
0.504688	0.0349669	0.925	-0.797578	
0.50625	11.0662	0.926563	38.5402	
0.507812	10.4418	0.928125	28.5496	
0.509375	17.1021	0.929687	51.0283	
0.510938	8.36042	0.93125	37.4995	
0.5125	15.437	0.932813	39.789	
0.514062	26.4683	0.934375	21.8893	
0.515625	7.73601	0.935938	12.1069	
0.517188	-10.1637	0.9375	23.5544	
0.51875	-10.7881	0.939063	37.7076	
0.520313	3.98956	0.940625	17.7265	
0.521875	-1.83826	0.942188	38.9564	
0.523437	-8.70675	0.94375	38.5402	
0.525	26.2601	0.945312	44.1598	
0.526563	-4.54403	0.946875	26.052	
0.528125	1.28378	0.948438	41.6622	
0.529687	-0.173169	0.95	29.174	
0.53125	-28.4797	0.951563	36.2507	
0.532813	-13.2858	0.953125	32.7124	
0.534375	-10.9963	0.954688	40.8297	
0.535938	-8.70675	0.95625	29.3822	
0.5375	-21.4031	0.957813	61.4352	
0.539062	10.8581	0.959375	30.2147	
0.540625	-7.04167	0.960937	41.8704	
0.542188	-10.58	0.9625	62.684	
0.54375	-12.6613	0.964063	31.4635	
0.545312	-18.6973	0.965625	56.4399	
0.546875	-4.75217	0.967188	28.3415	
0.548438	-24.317	0.96875	39.789	
0.55	-12.0369	0.970313	38.5402	
0.551563	2.74074	0.971875	40.4134	
0.553125	-11.4125	0.973438	49.1551	
0.554687	-12.6613	0.975	34.1693	
0.55625	6.69533	0.976562	18.351	
0.557813	4.8221	0.978125	44.9924	
0.559375	-17.0322	0.979688	34.7937	
0.560937	-2.25453	0.98125	60.6026	
0.5625	-7.2498	0.982813	39.5809	
0.564063	2.94887	0.984375	21.8893	
0.565625	-20.3624	0.985938	17.1021	
0.567188	-16.6159	0.9875	14.1882	
0.56875	12.315	0.989063	21.2649	
0.570312	-6.20912	0.990625	42.4948	
0.571875	-20.1542	0.992187	37.9158	
0.573438	-5.16844	0.99375	15.6452	
0.575	27.3008	0.995313	15.8533	
0.576562	-2.87894	0.996875	22.5137	
0.578125	-12.8695	0.998438	43.3273	
0.579688	11.2743	1	25.6357	
0.58125	7.73601	1.00156	28.9659	
0.582813	1.70006	1.00313	23.9706	
0.584375	-17.6566	1.00469	22.0974	
0.585937	-17.8647	1.00625	45.2005	
0.5875	-26.8146	1.00781	45.4087	
0.589063	-1.21385	1.00938	38.332	
0.590625	-6.41726	1.01094	16.0615	
0.592187	8.98482	1.0125	19.1835	
0.59375	7.52787	1.01406	41.4541	
0.595313	-6.41726	1.01563	29.7984	
0.596875	-16.4078	1.01719	52.6934	
0.598438	-18.4892	1.01875	37.7076	
0.6	-12.8695	1.02031	30.8391	
0.601562	4.40583	1.02188	33.1286	
0.603125	5.03024	1.02344	39.789	
0.604688	-20.9868	1.025	46.0331	
1.21563	-4.22933	1.63594	39.063	
1.21719	16.3762	1.6375	35.3166	
1.21875	11.589	1.63906	20.5389	
1.22031	4.92867	1.64063	23.8691	
1.22188	-1.31542	1.64219	20.3307	
1.22344	-4.6456	1.64375	20.1226	
1.225	13.2541	1.64531	7.4263	
1.22656	5.1368	1.64688	25.5342	
1.22813	-12.1385	1.64844	-10.6816	
1.22969	-14.2199	1.65	-0.482876	
1.23125	-24.4185	1.65156	45.3071	
1.23281	-20.0477	1.65313	34.2759	
1.23438	-26.4999	1.65469	42.8095	
1.23594	-31.9114	1.65625	7.21816	
1.2375	-2.77237	1.65781	10.3402	
1.23906	-16.5094	1.65938	21.7877	
1.24063	-8.39205	1.66094	32.1945	
1.24219	4.92867	1.6625	13.6704	
1.24375	-8.39205	1.66406	36.9816	
1.24531	-12.5548	1.66563	59.6685	
1.24688	-11.9304	1.66719	34.9003	
1.24844	-26.0836	1.66875	25.1179	
1.25	-16.3012	1.67031	31.1538	
1.25156	-10.0571	1.67188	42.6013	
1.25313	15.9599	1.67344	24.7016	
1.25469	4.92867	1.675	31.362	
1.25625	-10.0571	1.67656	17.2087	
1.25781	-5.27001	1.67813	33.4433	
1.25938	-9.01646	1.67969	15.7518	
1.26094	-5.06187	1.68125	16.168	
1.2625	2.8473	1.68281	8.05071	
1.26406	-24.8348	1.68438	18.0412	
1.26563	-16.7175	1.68594	29.4887	
1.26719	-10.8897	1.6875	45.099	
1.26875	-20.8802	1.68906	8.67512	
1.27031	-0.899149	1.69063	5.76121	
1.27188	-10.2653	1.69219	31.5701	
1.27344	-5.68628	1.69375	28.4481	
1.275	-6.72696	1.69531	9.29953	
1.27656	9.29953	1.69688	27.1992	
1.27813	-2.14797	1.69844	34.484	
1.27969	-4.6456	1.7	18.6657	
1.28125	19.2901	1.70156	4.72053	
1.28281	9.09139	1.70313	20.9552	
1.28438	-5.06187	1.70469	12.8378	
1.28594	8.46698	1.70625	21.9958	
1.2875	22.204	1.70781	10.5483	
1.28906	8.05071	1.70938	15.5436	
1.29063	2.63917	1.71094	0.765941	
1.29219	-2.77237	1.7125	20.1226	
1.29375	16.5843	1.71406	34.6921	
1.29531	-5.47815	1.71563	-14.6361	
1.29688	8.25885	1.71719	28.8643	
1.29844	23.2447	1.71875	8.46698	
1.3	20.5389	1.72031	32.8189	
1.30156	-1.52356	1.72188	17.2087	
1.30313	-0.899149	1.72344	15.9599	
1.30469	6.38562	1.725	18.4575	
1.30625	21.1633	1.72656	5.1368	
1.30781	13.8785	1.72813	18.4575	
1.30938	4.92867	1.72969	25.7423	
1.31094	1.80662	1.73125	28.0318	
1.3125	1.80662	1.73281	31.7782	
1.31406	-0.27474	1.73438	20.3307	
1.31563	-12.3466	1.73594	21.5796	
1.31719	8.46698	1.7375	5.1368	
1.31875	-7.55951	1.73906	17.8331	
1.32031	1.39035	1.74063	9.29953	
1.32188	12.6297	1.74219	2.01476	
1.32344	-14.2199	1.74375	-10.0571	
1.325	-8.80833	1.74531	27.8237	
1.32656	-27.7487	1.74688	27.8237	
1.32813	4.30426	1.74844	21.3714	
1.32969	-6.31069	1.75	19.7063	
1.33125	3.05544	1.75156	-4.43746	
1.33281	-14.428	1.75313	15.7518	
1.33438	-7.14324	1.75469	6.17748	
1.33594	-14.8443	1.75625	5.76121	
1.3375	-8.60019	1.75781	29.6969	
1.33906	2.8473	1.75938	24.7016	
1.34063	10.1321	1.76094	22.204	
1.34219	23.8691	1.7625	6.80189	
1.34375	-3.39678	1.76406	11.589	
1.34531	-20.8802	1.76563	26.783	
1.34688	-10.0571	1.76719	-1.10728	
1.34844	5.76121	1.76875	0.141533	
1.35	4.09612	1.77031	11.589	
1.35156	-12.9711	1.77188	5.34494	
1.35313	-7.14324	1.77344	37.1898	
1.35469	-10.8897	1.775	45.9315	
1.35625	9.50766	1.77656	22.6202	
1.35781	-11.0978	1.77813	-2.14797	
1.35938	-6.51883	1.77969	0.349669	
1.36094	-10.2653	1.78125	23.2447	
1.3625	0.765941	1.78281	13.046	
1.36406	-13.1792	1.78438	-1.73169	
1.36563	-8.18392	1.78594	18.8738	
1.36719	8.25885	1.7875	15.9599	
1.36875	-10.6816	1.78906	16.168	
1.37031	-10.8897	1.79063	20.1226	
1.37188	14.9192	1.79219	18.6657	
1.37344	-15.2605	1.79375	15.5436	
1.375	-17.7582	1.79531	28.0318	
1.37656	-10.0571	1.79688	-3.18865	
1.37813	-10.8897	1.79844	2.63917	
1.37969	-5.68628	1.8	31.362	
1.38125	7.01003	1.80156	9.50766	
1.38281	-5.27001	1.80313	15.3355	
1.38438	-3.39678	1.80469	8.67512	
1.38594	14.5029	1.80625	22.6202	
1.3875	-7.76764	1.80781	37.3979	
1.38906	-12.9711	1.80938	7.4263	
1.39063	3.67985	1.81094	12.2134	
1.39219	-4.85374	1.8125	17.625	
1.39375	-17.3419	1.81406	33.6515	
1.39531	-19.2151	1.81563	9.92394	
1.39688	3.05544	1.81719	28.2399	
1.39844	-2.3561	1.81875	41.9769	
1.4	-7.14324	1.82031	13.8785	
1.40156	4.92867	1.82188	31.5701	
1.40313	-7.35137	1.82344	44.2664	
1.40469	13.046	1.825	5.1368	
1.40625	-12.7629	1.82656	29.0725	
1.40781	3.26358	1.82813	6.80189	
1.40938	7.21816	1.82969	33.4433	
1.41094	28.8643	1.83125	28.8643	
1.4125	3.26358	1.83281	40.9362	
1.41406	-17.7582	1.83438	18.8738	
1.41563	12.6297	1.83594	56.1302	
1.41719	0.765941	1.8375	24.0772	
1.41875	16.3762	1.83906	38.6467	
1.42031	23.8691	1.84063	-0.691012	
1.42188	9.7158	1.84219	10.7565	
1.42344	39.4793	1.84375	19.9145	
1.425	-5.47815	1.84531	17.625	
1.42656	2.43103	1.84688	19.9145	
1.42813	36.5654	1.84844	1.39035	
1.42969	-15.885	1.85	-1.10728	
1.43125	15.5436	1.85156	22.6202	
1.43281	4.72053	1.85313	35.3166	
1.43438	10.5483	1.85469	17.8331	
1.43594	-16.7175	1.85625	37.8142	
1.4375	9.09139	1.85781	31.7782	
1.43906	21.7877	1.85938	22.6202	
1.44063	18.0412	1.86094	32.8189	
1.44219	4.30426	1.8625	0.765941	
1.44375	8.25885	1.86406	42.3932	
1.44531	23.8691	1.86563	24.2853	
1.44688	35.941	1.86719	47.3885	
1.44844	19.4982	1.86875	42.1851	
1.45	25.7423	1.87031	24.0772	
1.45156	-9.01646	1.87188	60.2929	
1.45313	13.8785	1.87344	41.1444	
1.45469	10.9646	1.875	64.0394	
1.45625	-8.80833	1.87656	60.7092	
1.45781	39.6874	1.87813	28.2399	
1.45938	-21.5046	1.87969	29.4887	
1.46094	24.7016	1.88125	43.642	
1.4625	8.67512	1.88281	35.5247	
1.46406	10.5483	1.88438	22.4121	
1.46563	-12.5548	1.88594	36.3572	
1.46719	-14.428	1.8875	69.0346	
1.46875	16.3762	1.88906	39.4793	
1.47031	-19.2151	1.89063	24.7016	
1.47188	10.1321	1.89219	30.1132	
1.47344	-13.3873	1.89375	19.7063	
1.475	-1.73169	1.89531	42.3932	
1.47656	5.34494	1.89688	21.3714	
1.47813	14.0867	1.89844	20.3307	
1.47969	12.8378	1.9	25.5342	
1.48125	20.747	1.90156	22.8284	
1.48281	18.8738	1.90313	23.4528	
1.48438	21.7877	1.90469	46.3478	
1.48594	-43.3589	1.90625	28.8643	
1.4875	13.6704	1.90781	36.9816	
1.48906	4.72053	1.90938	35.5247	
1.49063	-0.482876	1.91094	28.4481	
1.49219	5.96935	1.9125	29.4887	
1.49375	23.0365	1.91406	23.4528	
1.49531	-0.899149	1.91563	29.905	
1.49688	1.59849	1.91719	30.9457	
1.49844	-16.7175	1.91875	23.6609	
1.5	-3.60492	1.92031	11.1728	
1.50156	-17.3419	1.92188	2.8473	
1.50313	-31.7033	1.92344	20.747	
1.50469	5.1368	1.925	9.92394	
1.50625	29.4887	1.92656	43.4339	
1.50781	12.2134	1.92813	30.5294	
1.50938	3.88798	1.92969	48.0129	
1.51094	-9.2246	1.93125	32.8189	
1.5125	-19.4233	1.93281	31.362	
1.51406	-14.2199	1.93438	35.1084	
1.51563	7.63444	1.93594	6.38562	
1.51719	-0.0666036	1.9375	9.7158	
1.51875	12.0053	1.93906	40.1037	
1.52031	-1.73169	1.94063	15.3355	
1.52188	7.21816	1.94219	23.0365	
1.52344	18.2494	1.94375	28.4481	
1.525	-5.47815	1.94531	34.2759	
1.52656	-10.0571	1.94688	29.4887	
1.52813	10.7565	1.94844	29.2806	
1.52969	8.88325	1.95	9.7158	
1.53125	4.92867	1.95156	18.6657	
1.53281	8.88325	1.95313	-2.3561	
1.53438	5.55307	1.95469	24.0772	
1.53594	-13.1792	1.95625	12.8378	
1.5375	-2.77237	1.95781	18.8738	
1.53906	2.8473	1.95938	21.7877	
1.54063	6.38562	1.96094	27.8237	
1.54219	-13.1792	1.9625	37.1898	
1.54375	-0.691012	1.96406	20.1226	
1.54531	0.765941	1.96563	37.3979	
1.54688	11.7972	1.96719	23.2447	
1.54844	3.88798	1.96875	10.5483	
1.55	-1.73169	1.97031	20.747	
1.55156	-20.8802	1.97188	27.4074	
1.55313	-33.1603	1.97344	52.3837	
1.55469	29.2806	1.975	19.0819	
1.55625	-3.39678	1.97656	31.1538	
1.55781	28.4481	1.97813	42.6013	
1.55938	-14.2199	1.97969	50.3024	
1.56094	3.67985	1.98125	28.6562	
1.5625	-3.81306	1.98281	22.8284	
1.56406	-10.6816	1.98438	32.6108	
1.56563	-2.98051	1.98594	26.783	
1.56719	-10.2653	1.9875	33.4433	
1.56875	-4.43746	1.98906	18.6657	
1.57031	-8.18392	1.99063	32.1945	
1.57188	4.09612	1.99219	19.0819	
1.57344	5.34494	1.99375	17.0006	
1.575	-15.0524	1.99531	53.8407	
1.57656	-4.6456	1.99688	42.6013	
1.57813	-9.84901	1.99844	42.1851	
1.57969	-8.60019	2	48.8454	
1.58125	-20.464	2.00156	25.9504	
1.58281	-2.77237	2.00313	22.204	
1.58438	-2.14797	2.00469	22.204	
1.58594	9.29953	2.00625	25.9504	
1.5875	-9.64087	2.00781	38.4386	
1.58906	0.765941	2.00937	54.6732	
1.59063	-5.89442	2.01094	41.7688	
1.59219	7.63444	2.0125	48.8454	
1.59375	29.905	2.01406	46.1396	
1.59531	-7.14324	2.01563	34.0677	
1.59688	-20.464	2.01719	29.4887	
1.59844	0.349669	2.01875	40.1037	
1.6	21.5796	2.02031	49.4698	
1.60156	12.4216	2.02188	41.9769	
1.60313	-18.3826	2.02344	15.5436	
1.60469	12.6297	2.025	23.2447	
2.21563	17.0006	2.63594	62.1661	
2.21719	29.6969	2.6375	21.1633	
2.21875	12.8378	2.63906	41.7688	
2.22031	7.84257	2.64063	63.2068	
2.22188	12.8378	2.64219	42.8095	
2.22344	6.80189	2.64375	59.8766	
2.225	0.557805	2.64531	29.6969	
2.22656	8.05071	2.64688	30.7376	
2.22812	30.1132	2.64844	30.5294	
2.22969	48.4291	2.65	21.7877	
2.23125	7.84257	2.65156	39.8956	
2.23281	21.5796	2.65313	59.2522	
2.23438	20.3307	2.65469	14.7111	
2.23594	11.7972	2.65625	6.38562	
2.2375	-9.64087	2.65781	11.589	
2.23906	25.7423	2.65938	31.362	
2.24063	3.05544	2.66094	34.0677	
2.24219	9.92394	2.6625	34.9003	
2.24375	-25.8755	2.66406	43.8501	
2.24531	2.22289	2.66563	24.9097	
2.24688	17.8331	2.66719	57.5871	
2.24844	18.8738	2.66875	69.0346	
2.25	13.2541	2.67031	18.6657	
2.25156	16.168	2.67188	43.4339	
2.25313	29.4887	2.67344	26.5748	
2.25469	33.4433	2.675	40.52	
2.25625	20.747	2.67656	29.4887	
2.25781	28.4481	2.67813	49.8861	
2.25937	20.1226	2.67969	55.922	
2.26094	24.9097	2.68125	44.0583	
2.2625	-1.73169	2.68281	43.642	
2.26406	16.5843	2.68438	45.7234	
2.26563	13.8785	2.68594	34.9003	
2.26719	22.6202	2.6875	35.1084	
2.26875	27.4074	2.68906	27.8237	
2.27031	16.7924	2.69063	38.8549	
2.27188	39.2711	2.69219	51.9675	
2.27344	21.5796	2.69375	53.2163	
2.275	-6.51883	2.69531	51.1349	
2.27656	5.1368	2.69688	54.6732	
2.27813	24.0772	2.69844	26.1586	
2.27969	15.9599	2.7	65.4963	
2.28125	40.9362	2.70156	29.6969	
2.28281	6.59376	2.70313	23.8691	
2.28438	12.6297	2.70469	33.4433	
2.28594	4.92867	2.70625	49.4698	
2.2875	22.204	2.70781	44.0583	
2.28906	39.2711	2.70938	59.0441	
2.29062	-11.0978	2.71094	22.8284	
2.29219	10.1321	2.7125	30.5294	
2.29375	-0.0666036	2.71406	44.8908	
2.29531	-1.52356	2.71563	28.2399	
2.29688	19.4982	2.71719	56.3383	
2.29844	38.2305	2.71875	39.6874	
2.3	0.765941	2.72031	67.7858	
2.30156	18.2494	2.72188	40.1037	
2.30313	4.72053	2.72344	42.8095	
2.30469	24.2853	2.725	55.5058	
2.30625	18.2494	2.72656	71.7404	
2.30781	32.1945	2.72813	47.3885	
2.30938	-5.89442	2.72969	46.1396	
2.31094	-7.55951	2.73125	38.6467	
2.3125	9.7158	2.73281	71.116	
2.31406	12.4216	2.73438	50.9268	
2.31563	2.01476	2.73594	51.5512	
2.31719	-27.9569	2.7375	54.0488	
2.31875	-13.3873	2.73906	42.8095	
2.32031	13.6704	2.74063	49.8861	
2.32187	3.47171	2.74219	61.1254	
2.32344	15.5436	2.74375	40.3118	
2.325	5.96935	2.74531	32.8189	
2.32656	4.09612	2.74688	25.5342	
2.32813	-0.27474	2.74844	46.3478	
2.32969	27.1992	2.75	52.1756	
2.33125	14.2948	2.75156	39.2711	
2.33281	3.47171	2.75313	30.7376	
2.33438	3.26358	2.75469	37.1898	
2.33594	-12.1385	2.75625	46.764	
2.3375	-12.9711	2.75781	24.4935	
2.33906	-4.6456	2.75938	16.7924	
2.34063	14.0867	2.76094	35.1084	
2.34219	0.349669	2.7625	9.50766	
2.34375	-4.6456	2.76406	40.3118	
2.34531	-14.6361	2.76563	31.5701	
2.34688	-15.4687	2.76719	34.0677	
2.34844	3.05544	2.76875	6.80189	
2.35	-11.5141	2.77031	47.3885	
2.35156	-32.3277	2.77188	47.3885	
2.35312	-7.35137	2.77344	24.4935	
2.35469	11.1728	2.775	38.8549	
2.35625	-25.6674	2.77656	73.4055	
2.35781	-27.9569	2.77813	39.2711	
2.35938	-6.31069	2.77969	50.7186	
2.36094	1.18221	2.78125	44.2664	
2.3625	2.63917	2.78281	44.0583	
2.36406	-5.27001	2.78438	40.7281	
2.36563	-10.2653	2.78594	52.8	
2.36719	-14.0117	2.7875	37.8142	
2.36875	7.4263	2.78906	44.8908	
2.37031	12.8378	2.79063	55.922	
2.37188	9.50766	2.79219	62.5824	
2.37344	5.1368	2.79375	32.6108	
2.375	8.46698	2.79531	52.5919	
2.37656	-20.0477	2.79688	55.5058	
2.37813	-18.7989	2.79844	1.80662	
2.37969	-6.9351	2.8	27.8237	
2.38125	-5.06187	2.80156	23.6609	
2.38281	-8.18392	2.80313	38.8549	
2.38437	-13.5955	2.80469	45.099	
2.38594	-23.3779	2.80625	33.2352	
2.3875	-30.4545	2.80781	27.8237	
2.38906	-25.4592	2.80938	41.9769	
2.39063	-22.9616	2.81094	30.7376	
2.39219	-26.0836	2.8125	40.52	
2.39375	-11.5141	2.81406	34.0677	
2.39531	-27.5406	2.81563	33.0271	
2.39688	-4.85374	2.81719	27.4074	
2.39844	2.22289	2.81875	57.1709	
2.4	-23.3779	2.82031	31.1538	
2.40156	-7.76764	2.82188	17.8331	
2.40313	-13.3873	2.82344	36.1491	
2.40469	9.7158	2.825	55.922	
2.40625	-17.55	2.82656	2.63917	
2.40781	-10.8897	2.82813	40.1037	
2.40938	15.7518	2.82969	30.9457	
2.41094	-4.43746	2.83125	37.3979	
2.4125	-7.14324	2.83281	19.0819	
2.41406	-12.3466	2.83438	17.0006	
2.41563	-31.7033	2.83594	14.9192	
2.41719	12.6297	2.8375	15.1273	
2.41875	-15.4687	2.83906	12.8378	
2.42031	14.9192	2.84063	8.25885	
2.42188	-6.51883	2.84219	14.0867	
2.42344	17.8331	2.84375	23.4528	
2.425	-7.55951	2.84531	23.6609	
2.42656	-2.77237	2.84688	5.34494	
2.42813	-6.72696	2.84844	22.6202	
2.42969	-12.3466	2.85	3.26358	
2.43125	22.8284	2.85156	29.6969	
2.43281	10.1321	2.85313	20.9552	
2.43438	14.2948	2.85469	8.88325	
2.43594	4.30426	2.85625	8.67512	
2.4375	18.2494	2.85781	27.4074	
2.43906	13.8785	2.85938	8.05071	
2.44063	10.9646	2.86094	11.3809	
2.44219	-3.81306	2.8625	24.2853	
2.44375	-7.76764	2.86406	-0.27474	
2.44531	9.29953	2.86563	17.8331	
2.44688	-12.3466	2.86719	18.4575	
2.44844	-8.39205	2.86875	5.76121	
2.45	19.0819	2.87031	-5.27001	
2.45156	2.22289	2.87188	18.8738	
2.45313	28.8643	2.87344	30.1132	
2.45469	1.39035	2.875	36.3572	
2.45625	17.625	2.87656	11.589	
2.45781	-3.18865	2.87813	33.4433	
2.45938	-15.2605	2.87969	45.5152	
2.46094	-0.482876	2.88125	54.0488	
2.4625	-27.3325	2.88281	49.678	
2.46406	9.7158	2.88438	16.3762	
2.46563	7.4263	2.88594	41.3525	
2.46719	4.51239	2.8875	53.0081	
2.46875	11.1728	2.88906	48.4291	
2.47031	10.1321	2.89063	46.764	
2.47188	24.9097	2.89219	36.3572	
2.47344	21.3714	2.89375	56.5465	
2.475	12.0053	2.89531	25.1179	
2.47656	15.3355	2.89688	38.8549	
2.47813	12.2134	2.89844	19.4982	
2.47969	-12.1385	2.9	41.9769	
2.48125	5.76121	2.90156	29.4887	
2.48281	-5.27001	2.90313	49.4698	
2.48438	12.2134	2.90469	21.3714	
2.48594	-10.8897	2.90625	32.4026	
2.4875	11.1728	2.90781	41.9769	
2.48906	-19.8395	2.90938	21.1633	
2.49063	-22.129	2.91094	50.3024	
2.49219	-6.51883	2.9125	17.2087	
2.49375	-10.2653	2.91406	30.3213	
2.49531	6.59376	2.91563	32.8189	
2.49688	-2.3561	2.91719	21.5796	
2.49844	26.1586	2.91875	35.5247	
2.5	5.76121	2.92031	15.5436	
2.50156	-1.31542	2.92188	49.2617	
2.50313	5.1368	2.92344	27.1992	
2.50469	4.72053	2.925	28.0318	
2.50625	-16.0931	2.92656	37.3979	
2.50781	25.7423	2.92813	27.1992	
2.50938	-0.899149	2.92969	26.1586	
2.51094	-12.5548	2.93125	35.941	
2.5125	-2.3561	2.93281	27.8237	
2.51406	-4.43746	2.93438	32.8189	
2.51563	-8.60019	2.93594	58.836	
2.51719	-21.0884	2.9375	28.0318	
2.51875	-14.8443	2.93906	36.7735	
2.52031	-9.01646	2.94063	13.8785	
2.52188	-3.81306	2.94219	34.2759	
2.52344	7.4263	2.94375	9.29953	
2.525	-12.3466	2.94531	16.7924	
2.52656	-3.39678	2.94688	17.8331	
2.52813	2.43103	2.94844	39.8956	
2.52969	12.8378	2.95	45.3071	
2.53125	14.0867	2.95156	33.6515	
2.53281	-17.9663	2.95313	40.3118	
2.53438	11.3809	2.95469	41.1444	
2.53594	0.557805	2.95625	33.2352	
2.5375	3.67985	2.95781	34.6921	
2.53906	-15.6768	2.95938	47.5966	
2.54063	-7.35137	2.96094	32.4026	
2.54219	-3.81306	2.9625	42.1851	
2.54375	-11.306	2.96406	36.7735	
2.54531	0.765941	2.96563	34.2759	
2.54688	5.76121	2.96719	42.1851	
2.54844	-17.3419	2.96875	56.1302	
2.55	-7.97578	2.97031	65.4963	
2.55156	5.1368	2.97188	74.8624	
2.55313	-22.5453	2.97344	44.4746	
2.55469	-14.6361	2.975	60.501	
2.55625	-33.5765	2.97656	33.0271	
2.55781	5.34494	2.97813	51.5512	
2.55938	-9.01646	2.97969	41.1444	
2.56094	-1.93983	2.98125	38.0223	
2.5625	-24.8348	2.98281	29.905	
2.56406	-20.464	2.98438	29.6969	
2.56563	-21.5046	2.98594	27.8237	
2.56719	-27.9569	2.9875	25.7423	
2.56875	-19.8395	2.98906	16.7924	
2.57031	-34.4091	2.99063	43.2257	
2.57188	-25.8755	2.99219	45.5152	
2.57344	5.55307	2.99375	18.8738	
2.575	-22.5453	2.99531	31.1538	
2.57656	-27.5406	2.99688	47.3885	
2.57813	-24.8348	2.99844	12.6297	
2.57969	-43.5671	3	37.1898	
2.58125	-42.1101	3.00156	51.5512	
2.58281	-37.323	3.00313	39.4793	
2.58438	-29.8301	3.00469	57.1709	
2.58594	-38.3637	3.00625	53.4244	
2.5875	6.59376	3.00781	53.6325	
2.58906	-19.007	3.00938	31.1538	
2.59063	-4.6456	3.01094	55.0895	
2.59219	-17.9663	3.0125	11.1728	
2.59375	-27.7487	3.01406	24.7016	
2.59531	-2.14797	3.01563	39.4793	
2.59688	-0.0666036	3.01719	15.5436	
2.59844	-18.7989	3.01875	14.2948	
2.6	16.168	3.02031	34.0677	
2.60156	-14.6361	3.02188	33.0271	
2.60313	-12.3466	3.02344	19.4982	
2.60469	-21.2965	3.025	33.6515	
3.21563	12.0919	3.63594	49.3483	
3.21719	31.6567	3.6375	48.5157	
3.21875	12.7163	3.63906	28.3265	
3.22031	24.1638	3.64063	53.3029	
3.22188	24.5801	3.64219	44.9774	
3.22344	24.9963	3.64375	59.9632	
3.225	12.5082	3.64531	24.1638	
3.22656	31.2404	3.64688	7.72102	
3.22813	18.1278	3.64844	36.4438	
3.22969	-12.6763	3.65	29.9916	
3.23125	3.97457	3.65156	32.2811	
3.23281	18.5441	3.65313	56.633	
3.23438	-14.3414	3.65469	46.4344	
3.23594	-3.72647	3.65625	29.3672	
3.2375	15.2139	3.65781	27.7021	
3.23906	35.6113	3.65938	38.9415	
3.24063	20.8336	3.66094	28.5346	
3.24219	15.0058	3.6625	49.1401	
3.24375	2.51762	3.66406	17.0872	
3.24531	6.4722	3.66563	51.0134	
3.24688	20.8336	3.66719	50.3889	
3.24844	32.073	3.66875	23.7475	
3.25	11.6756	3.67031	46.4344	
3.25156	45.3937	3.67188	0.228117	
3.25313	25.8289	3.67344	56.633	
3.25469	27.494	3.675	40.3984	
3.25625	11.8837	3.67656	28.5346	
3.25781	3.5583	3.67813	27.9102	
3.25938	11.0512	3.67969	51.8459	
3.26094	21.2499	3.68125	6.88848	
3.2625	-4.55902	3.68281	33.7381	
3.26406	22.0824	3.68438	28.1184	
3.26563	22.2906	3.68594	25.8289	
3.26719	10.6349	3.6875	39.5659	
3.26875	-3.93461	3.68906	34.5706	
3.27031	18.9604	3.69063	27.0777	
3.27188	6.68034	3.69219	35.6113	
3.27344	27.0777	3.69375	18.1278	
3.275	-10.8031	3.69531	24.7882	
3.27656	1.68507	3.69688	28.5346	
3.27813	12.5082	3.69844	73.4921	
3.27969	-27.454	3.7	47.0588	
3.28125	-10.595	3.70156	50.5971	
3.28281	-16.4228	3.70313	37.0682	
3.28438	-5.5997	3.70469	36.2357	
3.28594	-12.8845	3.70625	27.0777	
3.2875	13.9651	3.70781	45.6018	
3.28906	-15.3821	3.70938	48.7239	
3.29063	-2.89393	3.71094	23.5394	
3.29219	-15.7984	3.7125	28.9509	
3.29375	-6.43224	3.71406	33.7381	
3.29531	-13.9251	3.71563	48.932	
3.29688	10.8431	3.71719	37.6926	
3.29844	23.1231	3.71875	10.8431	
3.3	8.7617	3.72031	15.0058	
3.30156	29.9916	3.72188	43.1042	
3.30313	14.3814	3.72344	56.0086	
3.30469	-1.0207	3.725	29.9916	
3.30625	14.5895	3.72656	21.6661	
3.30781	33.1136	3.72813	45.3937	
3.30938	9.38611	3.72969	55.1761	
3.31094	11.0512	3.73125	30.616	
3.3125	-11.0112	3.73281	39.3577	
3.31406	7.72102	3.73438	63.2934	
3.31563	-9.55429	3.73594	61.8364	
3.31719	-21.2099	3.7375	53.9273	
3.31875	-27.454	3.73906	39.9821	
3.32031	-44.313	3.74063	26.2451	
3.32188	-16.0065	3.74219	37.6926	
3.32344	9.17798	3.74375	18.5441	
3.325	10.4268	3.74531	28.3265	
3.32656	-9.13801	3.74688	20.6255	
3.32813	-10.8031	3.74844	29.3672	
3.32969	-14.7577	3.75	34.3625	
3.33125	-1.43697	3.75156	36.652	
3.33281	-40.3584	3.75313	35.8194	
3.33438	-22.6669	3.75469	28.9509	
3.33594	-21.0018	3.75625	26.4533	
3.3375	8.13729	3.75781	31.8648	
3.33906	-15.3821	3.75938	29.3672	
3.34063	-30.576	3.76094	36.2357	
3.34219	0.0199811	3.7625	30.1997	
3.34375	15.2139	3.76406	45.81	
3.34531	-0.396291	3.76563	23.9556	
3.34688	11.4675	3.76719	28.7428	
3.34844	8.7617	3.76875	38.1089	
3.35	-21.0018	3.77031	35.195	
3.35156	-6.64038	3.77188	44.1449	
3.35313	-4.55902	3.77344	44.9774	
3.35469	3.14202	3.775	54.1354	
3.35625	3.76643	3.77656	13.3407	
3.35781	-3.10206	3.77813	33.7381	
3.35938	6.68034	3.77969	43.5205	
3.36094	3.5583	3.78125	47.8913	
3.3625	2.93389	3.78281	28.9509	
3.36406	3.14202	3.78438	40.6065	
3.36563	13.3407	3.78594	42.0635	
3.36719	-10.595	3.7875	33.9462	
3.36875	-3.51833	3.78906	20.2092	
3.37031	0.64439	3.79063	14.3814	
3.37188	-3.3102	3.79219	20.0011	
3.37344	3.35016	3.79375	33.1136	
3.375	-25.1645	3.79531	59.5469	
3.37656	-2.68579	3.79688	46.4344	
3.37813	-1.22884	3.79844	75.1572	
3.37969	-37.4445	3.8	45.1855	
3.38125	-0.604428	3.80156	36.652	
3.38281	-20.1692	3.80313	43.5205	
3.38438	-1.0207	3.80469	26.2451	
3.38594	-27.454	3.80625	55.8005	
3.3875	-13.9251	3.80781	33.1136	
3.38906	1.89321	3.80938	40.3984	
3.39063	0.64439	3.81094	36.4438	
3.39219	6.26407	3.8125	18.1278	
3.39375	-14.5496	3.81406	36.2357	
3.39531	9.17798	3.81563	52.8866	
3.39688	12.3	3.81719	23.7475	
3.39844	-17.2553	3.81875	18.9604	
3.4	-3.3102	3.82031	46.8506	
3.40156	-8.5136	3.82188	49.9727	
3.40313	5.8478	3.82344	43.3123	
3.40469	-34.3225	3.825	48.0995	
3.40625	5.22339	3.82656	39.9821	
3.40781	-19.1286	3.82813	17.5034	
3.40938	3.76643	3.82969	47.0588	
3.41094	-14.1333	3.83125	-2.89393	
3.4125	-7.8892	3.83281	48.7239	
3.41406	-10.8031	3.83438	41.231	
3.41563	-0.604428	3.83594	24.3719	
3.41719	-19.1286	3.8375	40.8147	
3.41875	-2.06138	3.83906	53.0947	
3.42031	8.55357	3.84063	30.8241	
3.42188	-26.6215	3.84219	36.0275	
3.42344	2.10134	3.84375	28.9509	
3.425	-23.7075	3.84531	33.5299	
3.42656	21.6661	3.84688	55.5924	
3.42813	-5.18342	3.84844	42.2716	
3.42969	0.436254	3.85	54.5517	
3.43125	10.4268	3.85156	34.7787	
3.43281	-5.39156	3.85313	33.5299	
3.43438	-9.76242	3.85469	53.9273	
3.43594	-18.296	3.85625	28.3265	
3.4375	-13.5089	3.85781	57.4656	
3.43906	12.7163	3.85938	44.5611	
3.44063	-16.8391	3.86094	57.8819	
3.44219	1.06066	3.8625	36.0275	
3.44375	-13.3007	3.86406	57.2574	
3.44531	-15.5902	3.86563	21.0417	
3.44688	-5.5997	3.86719	32.6974	
3.44844	2.30948	3.86875	19.7929	
3.45	-19.9611	3.87031	14.1732	
3.45156	20.4173	3.87188	45.81	
3.45313	7.09661	3.87344	39.9821	
3.45469	-21.0018	3.875	17.7116	
3.45625	-11.0112	3.87656	12.3	
3.45781	8.34543	3.87813	27.494	
3.45938	-3.3102	3.87969	35.6113	
3.46094	-6.22411	3.88125	36.652	
3.4625	-5.39156	3.88281	43.7286	
3.46406	4.80711	3.88438	38.1089	
3.46563	-15.7984	3.88594	33.1136	
3.46719	-2.89393	3.8875	28.9509	
3.46875	-9.13801	3.88906	24.7882	
3.47031	-23.4994	3.89063	31.2404	
3.47188	-14.5496	3.89219	38.5252	
3.47344	2.30948	3.89375	46.2262	
3.475	19.1685	3.89531	29.1591	
3.47656	-24.7482	3.89688	31.8648	
3.47813	-28.2865	3.89844	41.6472	
3.47969	-15.174	3.9	8.7617	
3.48125	-12.6763	3.90156	27.494	
3.48281	-5.39156	3.90313	10.4268	
3.48438	5.8478	3.90469	32.6974	
3.48594	-22.2506	3.90625	48.3076	
3.4875	-17.8797	3.90781	38.1089	
3.48906	-5.5997	3.90938	17.0872	
3.49063	20.6255	3.91094	37.4845	
3.49219	15.2139	3.9125	49.3483	
3.49375	-4.14274	3.91406	32.9055	
3.49531	3.14202	3.91563	27.494	
3.49688	-6.43224	3.91719	34.3625	
3.49844	-14.9658	3.91875	12.9244	
3.5	18.5441	3.92031	30.616	
3.50156	20.4173	3.92188	22.7068	
3.50313	-13.0926	3.92344	12.0919	
3.50469	-6.22411	3.925	39.5659	
3.50625	-7.68106	3.92656	47.475	
3.50781	-13.9251	3.92813	13.9651	
3.50938	0.64439	3.92969	13.1326	
3.51094	16.4627	3.93125	7.30475	
3.5125	3.5583	3.93281	27.494	
3.51406	-18.0879	3.93438	-6.43224	
3.51563	0.64439	3.93594	24.7882	
3.51719	12.7163	3.9375	22.0824	
3.51875	-4.97529	3.93906	15.2139	
3.52031	12.5082	3.94063	42.6879	
3.52188	9.38611	3.94219	29.3672	
3.52344	-5.18342	3.94375	21.2499	
3.525	-18.9204	3.94531	4.18271	
3.52656	6.88848	3.94688	11.8837	
3.52813	-27.8703	3.94844	37.4845	
3.52969	10.4268	3.95	41.4391	
3.53125	4.39084	3.95156	27.0777	
3.53281	6.68034	3.95313	23.5394	
3.53438	0.436254	3.95469	7.92916	
3.53594	-14.9658	3.95625	32.9055	
3.5375	-1.0207	3.95781	27.494	
3.53906	-0.604428	3.95938	17.0872	
3.54063	-2.89393	3.96094	52.4703	
3.54219	3.97457	3.9625	28.9509	
3.54375	1.06066	3.96406	40.1903	
3.54531	15.6302	3.96563	31.4486	
3.54688	17.5034	3.96719	45.1855	
3.54844	-21.8343	3.96875	14.5895	
3.55	2.10134	3.97031	24.3719	
3.55156	-14.5496	3.97188	18.1278	
3.55313	20.8336	3.97344	16.0465	
3.55469	20.4173	3.975	27.2858	
3.55625	3.97457	3.97656	-4.14274	
3.55781	-4.35088	3.97813	22.915	
3.55938	-7.8892	3.97969	24.3719	
3.56094	18.1278	3.98125	23.3312	
3.5625	-3.10206	3.98281	20.6255	
3.56406	-14.5496	3.98438	18.1278	
3.56563	-15.174	3.98594	7.30475	
3.56719	-2.68579	3.9875	3.76643	
3.56875	-3.51833	3.98906	5.8478	
3.57031	-13.5089	3.99063	27.494	
3.57188	-32.8655	3.99219	24.5801	
3.57344	22.4987	3.99375	12.5082	
3.575	-14.7577	3.99531	29.3672	
3.57656	-5.5997	3.99688	50.1808	
3.57813	11.2593	3.99844	40.3984	
3.57969	14.7977	4	44.7693	
3.58125	-10.1787	4.00156	42.0635	
3.58281	26.4533	4.00312	33.9462	
3.58438	5.22339	4.00469	27.2858	
3.58594	10.4268	4.00625	3.14202	
3.5875	11.6756	4.00781	10.2187	
3.58906	2.93389	4.00938	4.18271	
3.59063	13.1326	4.01094	15.0058	
3.59219	31.0323	4.0125	31.8648	
3.59375	5.8478	4.01406	26.8696	
3.59531	-4.76715	4.01563	29.1591	
3.59688	-9.76242	4.01719	34.5706	
3.59844	2.10134	4.01875	53.3029	
3.6	23.7475	4.02031	15.6302	
3.60156	28.3265	4.02188	31.4486	
3.60313	-14.5496	4.02344	23.3312	
3.60469	9.80238	4.025	22.915	
4.21563	-11.0962	4.63594	18.0429	
4.21719	-27.3308	4.6375	20.5405	
4.21875	-6.93343	4.63906	18.6673	
4.22031	1.18388	4.64063	4.30592	
4.22187	-0.0649385	4.64219	48.4308	
4.22344	11.5907	4.64375	21.9975	
4.225	-19.6297	4.64531	40.7298	
4.22656	-4.22766	4.64688	26.1602	
4.22813	-2.97885	4.64844	18.4592	
4.22969	-10.4718	4.65	23.0382	
4.23125	-6.51716	4.65156	-5.26834	
4.23281	-6.51716	4.65313	0.767606	
4.23438	5.55474	4.65469	6.38728	
4.23594	-15.6752	4.65625	9.71746	
4.2375	-25.2494	4.65781	34.9019	
4.23906	-5.89275	4.65937	-9.84734	
4.24063	-24.8332	4.66094	2.64083	
4.24219	14.2965	4.6625	-18.1728	
4.24375	-9.22293	4.66406	19.0836	
4.24531	-2.97885	4.66563	20.1243	
4.24688	-13.1775	4.66719	36.567	
4.24844	-5.26834	4.66875	5.55474	
4.25	-8.18225	4.67031	-1.93816	
4.25156	-10.888	4.67188	52.5935	
4.25312	3.88965	4.67344	12.2151	
4.25469	-1.31376	4.675	17.0022	
4.25625	3.26524	4.67656	7.01169	
4.25781	-32.3261	4.67813	6.59542	
4.25938	7.01169	4.67969	14.0883	
4.26094	14.7127	4.68125	23.4545	
4.2625	-2.56257	4.68281	12.4232	
4.26406	28.4497	4.68438	10.7581	
4.26563	26.5765	4.68594	7.21983	
4.26719	25.3277	4.6875	7.01169	
4.26875	18.4592	4.68906	20.3324	
4.27031	12.4232	4.69062	-4.22766	
4.27188	-1.52189	4.69219	25.3277	
4.27344	-2.56257	4.69375	3.05711	
4.275	16.1697	4.69531	36.9833	
4.27656	-15.2589	4.69688	8.05237	
4.27813	-34.4074	4.69844	-26.7064	
4.27969	-11.7206	4.7	-4.01953	
4.28125	-7.14157	4.70156	14.9209	
4.28281	19.2917	4.70313	21.9975	
4.28437	-4.64394	4.70469	-10.6799	
4.28594	8.46865	4.70625	9.50933	
4.2875	8.05237	4.70781	-18.5891	
4.28906	1.39202	4.70938	-5.68462	
4.29063	-8.18225	4.71094	-22.9599	
4.29219	0.143198	4.7125	9.50933	
4.29375	-1.73003	4.71406	5.13847	
4.29531	0.55947	4.71563	-2.1463	
4.29688	4.72219	4.71719	6.59542	
4.29844	15.9616	4.71875	8.46865	
4.3	7.6361	4.72031	22.4138	
4.30156	-2.35444	4.72187	4.51406	
4.30313	8.05237	4.72344	13.4639	
4.30469	12.6314	4.725	5.76288	
4.30625	-0.689347	4.72656	22.83	
4.30781	8.26051	4.72813	-2.77071	
4.30938	19.0836	4.72969	4.30592	
4.31094	9.50933	4.73125	-1.73003	
4.3125	2.84897	4.73281	9.30119	
4.31406	10.55	4.73438	10.1337	
4.31562	26.3684	4.73594	3.47338	
4.31719	9.71746	4.7375	3.88965	
4.31875	24.0789	4.73906	1.18388	
4.32031	14.5046	4.74063	37.8159	
4.32188	26.3684	4.74219	6.59542	
4.32344	-11.3043	4.74375	32.8206	
4.325	22.83	4.74531	58.2132	
4.32656	16.7941	4.74688	-11.0962	
4.32813	0.767606	4.74844	36.7752	
4.32969	-17.7565	4.75	28.866	
4.33125	-15.8833	4.75156	18.0429	
4.33281	-5.06021	4.75312	0.767606	
4.33438	-19.6297	4.75469	35.9426	
4.33594	1.39202	4.75625	17.0022	
4.3375	-3.60325	4.75781	31.5718	
4.33906	7.6361	4.75938	18.6673	
4.34063	-17.7565	4.76094	7.42797	
4.34219	-21.503	4.7625	8.26051	
4.34375	0.767606	4.76406	11.7988	
4.34531	1.80829	4.76563	-22.7518	
4.34687	-6.93343	4.76719	5.76288	
4.34844	-0.0649385	4.76875	11.1744	
4.35	8.88492	4.77031	9.50933	
4.35156	-10.4718	4.77188	-2.1463	
4.35313	10.55	4.77344	25.744	
4.35469	-42.1085	4.775	19.9161	
4.35625	-9.22293	4.77656	32.1962	
4.35781	-21.0867	4.77813	25.9521	
4.35938	-15.8833	4.77969	13.2558	
4.36094	-21.0867	4.78125	39.8972	
4.3625	-15.8833	4.78281	-3.39512	
4.36406	-7.76598	4.78437	8.46865	
4.36563	-25.8738	4.78594	27.2009	
4.36719	-17.7565	4.7875	24.287	
4.36875	-1.93816	4.78906	30.5311	
4.37031	23.8707	4.79063	4.93033	
4.37188	-0.273075	4.79219	15.3371	
4.37344	-5.68462	4.79375	25.9521	
4.375	-24.8332	4.79531	10.55	
4.37656	14.9209	4.79688	25.1195	
4.37812	-14.4263	4.79844	-0.273075	
4.37969	-15.2589	4.8	39.2728	
4.38125	-8.80666	4.80156	1.60015	
4.38281	-10.4718	4.80313	37.3996	
4.38438	-4.85207	4.80469	25.5358	
4.38594	-10.4718	4.80625	24.287	
4.3875	-4.22766	4.80781	29.9067	
4.38906	-0.273075	4.80938	1.60015	
4.39063	5.97101	4.81094	7.6361	
4.39219	-2.77071	4.8125	20.7487	
4.39375	-9.63921	4.81406	19.4999	
4.39531	-14.2182	4.81563	21.7894	
4.39688	1.80829	4.81719	19.9161	
4.39844	-0.481211	4.81875	42.8111	
4.4	16.1697	4.82031	-9.0148	
4.40156	8.88492	4.82188	8.05237	
4.40313	-6.7253	4.82344	14.2965	
4.40469	6.59542	4.825	27.409	
4.40625	11.3826	4.82656	17.4185	
4.40781	46.1413	4.82813	17.8348	
4.40937	39.2728	4.82969	23.6626	
4.41094	22.83	4.83125	12.6314	
4.4125	28.6579	4.83281	26.9928	
4.41406	1.18388	4.83438	18.8755	
4.41563	-6.10089	4.83594	2.4327	
4.41719	8.26051	4.8375	-3.81139	
4.41875	31.7799	4.83906	12.4232	
4.42031	-2.1463	4.84063	6.38728	
4.42188	25.9521	4.84219	-0.897483	
4.42344	13.4639	4.84375	13.8802	
4.425	10.55	4.84531	-17.7565	
4.42656	-6.7253	4.84688	-13.1775	
4.42813	16.7941	4.84844	5.97101	
4.42969	10.55	4.85	-4.85207	
4.43125	33.0287	4.85156	6.80356	
4.43281	8.88492	4.85313	-16.0914	
4.43438	-0.273075	4.85469	-4.85207	
4.43594	-6.7253	4.85625	-7.97412	
4.4375	-3.60325	4.85781	14.0883	
4.43906	5.76288	4.85938	-6.7253	
4.44062	-6.93343	4.86094	13.0476	
4.44219	2.4327	4.8625	15.7534	
4.44375	-18.1728	4.86406	5.76288	
4.44531	-33.9911	4.86563	-0.897483	
4.44688	9.09306	4.86719	-9.43107	
4.44844	3.26524	4.86875	13.8802	
4.45	-19.4216	4.87031	9.50933	
4.45156	-24.8332	4.87188	-5.26834	
4.45313	1.39202	4.87344	2.4327	
4.45469	-5.47648	4.875	-1.10562	
4.45625	18.2511	4.87656	-1.52189	
4.45781	8.67678	4.87813	-8.18225	
4.45938	-9.63921	4.87969	12.007	
4.46094	-3.18698	4.88125	-21.0867	
4.4625	-2.1463	4.88281	-7.34971	
4.46406	-4.85207	4.88438	-6.51716	
4.46563	-40.0271	4.88594	17.2104	
4.46719	6.17915	4.8875	-7.76598	
4.46875	13.6721	4.88906	-1.52189	
4.47031	-3.39512	4.89063	5.55474	
4.47187	-25.4576	4.89219	1.80829	
4.47344	-0.689347	4.89375	-0.273075	
4.475	-2.35444	4.89531	21.5812	
4.47656	-5.68462	4.89688	12.6314	
4.47813	-12.5531	4.89844	17.4185	
4.47969	-20.6704	4.9	-2.77071	
4.48125	-6.51716	4.90156	5.13847	
4.48281	-0.481211	4.90313	0.767606	
4.48438	7.84424	4.90469	7.42797	
4.48594	-3.60325	4.90625	-4.01953	
4.4875	-6.7253	4.90781	12.4232	
4.48906	2.4327	4.90938	16.7941	
4.49063	8.88492	4.91094	3.05711	
4.49219	23.2463	4.9125	17.6266	
4.49375	0.55947	4.91406	15.3371	
4.49531	21.3731	4.91563	39.0647	
4.49688	47.5983	4.91719	35.9426	
4.49844	-6.10089	4.91875	50.5122	
4.5	21.9975	4.92031	25.744	
4.50156	-12.1368	4.92188	27.409	
4.50312	10.55	4.92344	21.165	
4.50469	17.4185	4.925	33.2369	
4.50625	2.01642	4.92656	22.4138	
4.50781	9.9256	4.92813	12.4232	
4.50938	8.67678	4.92969	24.4951	
4.51094	23.8707	4.93125	29.4904	
4.5125	-4.85207	4.93281	13.6721	
4.51406	22.4138	4.93438	-7.14157	
4.51563	26.5765	4.93594	13.8802	
4.51719	10.9663	4.9375	31.7799	
4.51875	-13.5938	4.93906	28.2416	
4.52031	7.21983	4.94063	23.0382	
4.52188	17.6266	4.94219	30.1148	
4.52344	-23.1681	4.94375	-1.52189	
4.525	-12.5531	4.94531	15.129	
4.52656	7.84424	4.94688	25.744	
4.52813	10.55	4.94844	24.4951	
4.52969	-10.0555	4.95	-12.7612	
4.53125	9.09306	4.95156	-0.273075	
4.53281	13.8802	4.95313	24.4951	
4.53437	18.2511	4.95469	29.9067	
4.53594	19.9161	4.95625	9.71746	
4.5375	5.13847	4.95781	21.5812	
4.53906	-8.18225	4.95938	14.9209	
4.54063	17.4185	4.96094	37.3996	
4.54219	7.6361	4.9625	33.0287	
4.54375	6.59542	4.96406	12.8395	
4.54531	15.9616	4.96563	30.7392	
4.54688	25.5358	4.96719	10.7581	
4.54844	14.2965	4.96875	44.2681	
4.55	2.22456	4.97031	26.9928	
4.55156	0.767606	4.97188	15.9616	
4.55313	5.55474	4.97344	39.6891	
4.55469	7.01169	4.975	-5.26834	
4.55625	-4.64394	4.97656	16.7941	
4.55781	2.64083	4.97813	-3.18698	
4.55938	-8.18225	4.97969	34.0694	
4.56094	-14.6345	4.98125	-9.0148	
4.5625	-16.0914	4.98281	26.3684	
4.56406	-11.0962	4.98438	9.9256	
4.56562	-18.7972	4.98594	32.8206	
4.56719	13.2558	4.9875	25.3277	
4.56875	-13.1775	4.98906	34.0694	
4.57031	8.46865	4.99063	26.7846	
4.57188	-12.7612	4.99219	7.21983	
4.57344	-11.7206	4.99375	10.7581	
4.575	-18.3809	4.99531	13.0476	
4.57656	-2.97885	4.99688	30.5311	
4.57813	-15.467	4.99844	35.7345	
4.57969	-14.2182	5	30.1148	
4.58125	15.7534	5.00156	34.9019	
4.58281	-1.93816	5.00313	45.725	
4.58438	-23.7925	5.00469	21.7894	
4.58594	-11.5124	5.00625	8.26051	
4.5875	10.9663	5.00781	32.6125	
4.58906	-20.8786	5.00938	19.708	
4.59063	-22.3355	5.01094	40.9379	
4.59219	-32.3261	5.0125	11.5907	
4.59375	-7.97412	5.01406	-3.39512	
4.59531	3.68151	5.01563	9.50933	
4.59687	-14.2182	5.01719	-4.4358	
4.59844	10.7581	5.01875	14.0883	
4.6	-9.22293	5.02031	19.0836	
4.60156	-11.9287	5.02188	3.88965	
4.60313	-9.84734	5.02344	30.323	
4.60469	-11.9287	5.025	5.55474	
5.21563	-3.9088	5.63594	8.99565	
5.21719	2.54342	5.6375	41.0486	
5.21875	23.1489	5.63906	-2.24371	
5.22031	-17.8539	5.64063	18.5699	
5.22188	7.53869	5.64219	30.4337	
5.22344	3.16783	5.64375	13.9909	
5.225	4.00038	5.64531	15.0316	
5.22656	-5.15762	5.64688	9.41192	
5.22813	-0.162346	5.64844	25.4384	
5.22969	7.74683	5.65	35.4289	
5.23125	22.3164	5.65156	31.8906	
5.23281	-32.2153	5.65313	20.235	
5.23438	12.7421	5.65469	3.37597	
5.23594	-5.57389	5.65625	9.82819	
5.2375	16.6967	5.65781	37.094	
5.23906	17.9455	5.65938	11.4933	
5.24063	8.78751	5.66094	40.4242	
5.24219	20.8594	5.6625	35.0127	
5.24375	-1.20303	5.66406	7.53869	
5.24531	12.9502	5.66563	13.9909	
5.24688	6.91429	5.66719	16.9048	
5.24844	11.4933	5.66875	46.8764	
5.25	10.4526	5.67031	31.0581	
5.25156	-15.1482	5.67188	27.936	
5.25313	24.1896	5.67344	54.9938	
5.25469	10.6607	5.675	28.7686	
5.25625	0.878335	5.67656	16.0723	
5.25781	-9.1122	5.67813	41.0486	
5.25938	-5.99016	5.67969	6.91429	
5.26094	-22.2248	5.68125	23.357	
5.2625	-8.07152	5.68281	24.3977	
5.26406	-13.8993	5.68438	26.6872	
5.26563	-9.52848	5.68594	17.5292	
5.26719	4.41665	5.6875	13.1584	
5.26875	12.3258	5.68906	28.3523	
5.27031	15.2397	5.69063	23.9815	
5.27188	-3.28439	5.69219	-1.82744	
5.27344	7.33056	5.69375	31.4744	
5.275	4.41665	5.69531	45.8358	
5.27656	22.1082	5.69688	59.7809	
5.27813	0.462062	5.69844	-4.74134	
5.27969	25.4384	5.7	21.4838	
5.28125	-22.0167	5.70156	8.57938	
5.28281	-2.45184	5.70313	1.71088	
5.28438	5.04106	5.70469	20.8594	
5.28594	6.28988	5.70625	27.1035	
5.2875	16.4886	5.70781	12.3258	
5.28906	16.9048	5.70938	13.5746	
5.29063	13.3665	5.71094	23.1489	
5.29219	28.9767	5.7125	14.1991	
5.29375	12.9502	5.71406	29.393	
5.29531	-1.82744	5.71563	13.7828	
5.29688	0.04579	5.71719	-2.86812	
5.29844	-15.5644	5.71875	14.6153	
5.3	5.2492	5.72031	28.9767	
5.30156	-3.28439	5.72188	21.4838	
5.30313	-10.1529	5.72344	29.6011	
5.30469	6.49801	5.725	10.2445	
5.30625	23.1489	5.72656	31.6825	
5.30781	11.077	5.72813	30.85	
5.30938	16.9048	5.72969	11.077	
5.31094	-5.36575	5.73125	10.2445	
5.3125	-15.3563	5.73281	25.4384	
5.31406	-0.994891	5.73438	25.0221	
5.31563	2.9597	5.73594	20.4431	
5.31719	2.33529	5.7375	23.1489	
5.31875	8.57938	5.73906	52.288	
5.32031	3.37597	5.74063	21.0675	
5.32188	12.1177	5.74219	39.5917	
5.32344	-5.36575	5.74375	29.1849	
5.325	4.62479	5.74531	27.3116	
5.32656	-3.70066	5.74688	38.9673	
5.32813	-3.07625	5.74844	17.7374	
5.32969	15.2397	5.75	27.3116	
5.33125	-11.818	5.75156	10.8689	
5.33281	-18.0621	5.75313	16.0723	
5.33438	-10.9854	5.75469	21.692	
5.33594	-14.1075	5.75625	13.3665	
5.3375	-17.4377	5.75781	32.3069	
5.33906	-16.8132	5.75938	9.82819	
5.34063	3.37597	5.76094	23.1489	
5.34219	-2.03557	5.7625	32.9313	
5.34375	-27.4282	5.76406	8.57938	
5.34531	-28.4689	5.76563	31.2662	
5.34688	-26.1794	5.76719	45.2114	
5.34844	-8.90407	5.76875	22.3164	
5.35	-17.0214	5.77031	14.4072	
5.35156	-2.24371	5.77188	17.7374	
5.35313	-4.11693	5.77344	-29.0933	
5.35469	-19.7272	5.775	21.4838	
5.35625	-22.4329	5.77656	12.3258	
5.35781	-3.49253	5.77813	22.9408	
5.35938	-10.7773	5.77969	6.49801	
5.36094	1.29461	5.78125	23.5652	
5.3625	15.2397	5.78281	14.1991	
5.36406	4.20851	5.78438	15.4479	
5.36563	-9.1122	5.78594	28.1442	
5.36719	-18.6865	5.7875	10.4526	
5.36875	-14.3156	5.78906	12.534	
5.37031	10.2445	5.79063	24.6059	
5.37188	-19.1027	5.79219	22.9408	
5.37344	-2.24371	5.79375	23.357	
5.375	-18.8946	5.79531	43.7544	
5.37656	8.37124	5.79688	19.6106	
5.37813	11.4933	5.79844	36.8859	
5.37969	-7.23898	5.8	28.3523	
5.38125	-11.6098	5.80156	51.6636	
5.38281	19.6106	5.80313	44.5869	
5.38438	14.8235	5.80469	36.2615	
5.38594	0.670199	5.80625	47.709	
5.3875	-1.82744	5.80781	45.0032	
5.38906	-13.2749	5.80938	39.1754	
5.39063	-5.78202	5.81094	5.66547	
5.39219	-6.40643	5.8125	30.6418	
5.39375	-20.7678	5.81406	25.2303	
5.39531	2.54342	5.81563	13.9909	
5.39688	-13.2749	5.81719	32.7232	
5.39844	-10.361	5.81875	32.0988	
5.4	5.8736	5.82031	23.5652	
5.40156	11.9096	5.82188	33.1395	
5.40313	5.04106	5.82344	41.4649	
5.40469	-0.370482	5.825	-2.24371	
5.40625	15.656	5.82656	12.534	
5.40781	-2.24371	5.82813	20.6513	
5.40938	-9.32034	5.82969	22.9408	
5.41094	2.54342	5.83125	28.1442	
5.4125	-5.57389	5.83281	22.9408	
5.41406	2.54342	5.83438	28.9767	
5.41563	1.08647	5.83594	38.3429	
5.41719	2.33529	5.8375	28.5605	
5.41875	-16.397	5.83906	41.4649	
5.42031	17.9455	5.84063	34.1801	
5.42188	14.8235	5.84219	11.9096	
5.42344	18.9862	5.84375	15.4479	
5.425	-9.32034	5.84531	33.3476	
5.42656	-4.74134	5.84688	28.5605	
5.42813	6.49801	5.84844	26.4791	
5.42969	-28.0526	5.85	28.5605	
5.43125	4.83292	5.85156	22.1082	
5.43281	12.3258	5.85313	17.7374	
5.43438	26.4791	5.85469	44.1707	
5.43594	-5.36575	5.85625	38.3429	
5.4375	3.58411	5.85781	19.8187	
5.43906	8.1631	5.85938	41.4649	
5.44063	18.3618	5.86094	34.8045	
5.44219	-34.9211	5.8625	20.0269	
5.44375	8.99565	5.86406	19.6106	
5.44531	8.78751	5.86563	14.6153	
5.44688	-9.52848	5.86719	14.8235	
5.44844	-24.9306	5.86875	56.6588	
5.45	-0.994891	5.87031	12.1177	
5.45156	-5.36575	5.87188	47.0846	
5.45313	3.79224	5.87344	7.74683	
5.45469	10.6607	5.875	34.5964	
5.45625	-26.8038	5.87656	47.9171	
5.45781	3.58411	5.87813	22.3164	
5.45938	-4.94948	5.87969	31.0581	
5.46094	-5.57389	5.88125	43.9625	
5.4625	-10.5692	5.88281	37.094	
5.46406	5.2492	5.88438	27.3116	
5.46563	-6.1983	5.88594	30.2255	
5.46719	4.20851			
5.46875	8.57938			
5.47031	-2.24371			
5.47188	-3.9088			
5.47344	2.75156			
5.475	8.1631			
5.47656	-13.2749			
5.47813	1.08647			
5.47969	-5.78202			
5.48125	-3.28439			
5.48281	-18.2702			
5.48438	13.3665			
5.48594	4.20851			
5.4875	16.2804			
5.48906	-15.3563			
5.49063	-6.82271			
5.49219	2.9597			
5.49375	-2.86812			
5.49531	20.6513			
5.49688	20.235			
5.49844	-4.53321			
5.5	4.83292			
5.50156	22.1082			
5.50313	20.0269			
5.50469	-3.49253			
5.50625	-2.86812			
5.50781	3.79224			
5.50938	13.1584			
5.51094	19.8187			
5.5125	4.62479			
5.51406	-22.2248			
5.51563	-10.9854			
5.51719	-7.03084			
5.51875	-7.44711			
5.52031	-3.07625			
5.52188	-1.82744			
5.52344	-1.82744			
5.525	-21.3922			
5.52656	-13.2749			
5.52813	-16.397			
5.52969	-12.0261			
5.53125	-14.94			
5.53281	-3.07625			
5.53438	-1.82744			
5.53594	4.00038			
5.5375	25.8547			
5.53906	-26.8038			
5.54063	-11.818			
5.54219	10.6607			
5.54375	-23.0573			
5.54531	15.656			
5.54688	-14.3156			
5.54844	-9.32034			
5.55	-18.0621			
5.55156	14.8235			
5.55313	1.91902			
5.55469	5.45733			
5.55625	-3.07625			
5.55781	5.45733			
5.55938	19.4025			
5.56094	10.6607			
5.5625	21.2757			
5.56406	1.50274			
5.56563	7.74683			
5.56719	4.41665			
5.56875	8.78751			
5.57031	-2.03557			
5.57188	11.7014			
5.57344	0.878335			
5.575	-12.8587			
5.57656	18.7781			
5.57813	0.462062			
5.57969	5.66547			
5.58125	-4.11693			
5.58281	-4.94948			
5.58438	-6.40643			
5.58594	-2.65998			
5.5875	-9.52848			
5.58906	11.9096			
5.59063	12.534			
5.59219	1.71088			
5.59375	2.12715			
5.59531	12.7421			
5.59688	-6.61457			
5.59844	-12.2342			
5.6	2.75156			
5.60156	6.08174			
5.60313	-12.6505			
5.60469	12.534			
