2.4512467,-3.1621301683006852e-08
0.9576708500000001,1.4363201478493826e-07
1.0605182,1.7433584512606352e-07
1.17801445,1.8678579895687642e-07
1.26468705,1.6390312996968787e-07
1.3675344,1.2130154661356065e-07
1.48594625,4.565415031646409e-08
1.6727195,-2.9514667190163747e-08
1.7746513499999998,-8.0435115683624859e-08
1.86834315,-9.4787953170686711e-08
1.9675283000000001,-9.0556317545779968e-08
2.0801416,-8.9960911745280258e-08
2.17139195,-7.7042056264701741e-08
2.2894986,-7.0223729846530409e-08
2.3960082,-5.0171848044472848e-08
2.4866481499999997,-2.8363489794342959e-08
2.5855281000000003,-5.161251525886206e-09
2.68135625,8.3624185173569857e-09
2.87209695,2.5135242408753421e-08
2.9734184,4.3386538163202717e-08
3.16415905,6.4987355081768328e-08
3.2630390499999997,8.1979445099182154e-08
3.3726005,9.3381200336992738e-08
3.45957825,8.9232451586413386e-08
0.9872738,1.4063141212949304e-07
1.08218635,1.7915962158468792e-07
1.27231665,1.7681516863703965e-07
1.3617359,1.1692615806934241e-07
1.45847955,5.3273527234678666e-08
1.6559342999999997,-2.3511282339777326e-08
1.7529831999999999,-7.1826494793874512e-08
1.8655964999999999,-8.3447858758727031e-08
2.0514542,-8.7507665205865118e-08
2.15491195,-7.7136672929074467e-08
2.26355785,-6.3696381028062568e-08
2.3630482,-4.5498907982915749e-08
2.4472792500000002,-2.7587059548462671e-08
2.55043185,-5.2455394527208443e-09
2.6477858999999997,4.5937722502209679e-09
2.75917845,2.4072000041693995e-08
2.84920805,3.3355905209846679e-08
2.96151615,4.2887872130287252e-08
3.1678213,6.213701982032241e-08
3.2670064500000002,8.5481810890904896e-08
3.36924345,9.2894184170030592e-08
3.4568315499999995,9.6846203353926008e-08
1.0748619,1.6136662382819382e-07
1.17587815,1.8514361023062589e-07
1.27414775,1.6437896544937678e-07
1.36844995,1.2080296557652732e-07
1.46732995,5.1961777629333453e-08
1.5829951,6.6403739522781682e-09
1.7841120499999998,-5.5494788307893677e-08
1.8872646499999999,-8.509669682826596e-08
2.1951964,-8.0075342218407238e-08
2.2943815499999998,-5.8874390166917332e-08
2.48298595,-3.5407985648069534e-08
2.58247625,9.0011945586226356e-10
2.6844080999999997,1.1001615861064034e-08
2.7826777,2.9012072641983299e-08
2.9670095,4.9393286841480431e-08
3.0631428,6.7368804098880578e-08
3.17484055,7.4641757296468605e-08
3.27097385,8.7980769054031366e-08
3.37290565,9.4464543557905519e-08
3.4931486,1.0385438449918726e-07
1.0699789499999999,1.6449251409626715e-07
1.18228705,1.8866260681678011e-07
