1.27872555,-7.2349458183328293e-08
-0.0112918485,-7.2243577718750015e-08
1.29947815,-7.0975572542117374e-08
1.0013123,-3.1167079617314335e-08
1.4001892,-6.5524275930326915e-08
1.5088351,-1.3721954311552696e-08
1.6025269500000001,3.9215620305289358e-08
1.6989654,8.5474996402878067e-08
1.8015076,1.1135584325975136e-07
2.09784235,1.4931468795858601e-07
2.19397565,1.5761240332416295e-07
2.2891934,1.4634204901830393e-07
2.3834956,1.3695064273069122e-07
2.48847925,1.2898525473780991e-07
2.57850885,1.2635539005090388e-07
2.7707755,1.0368968800063005e-07
2.8699606500000003,8.6148865307094958e-08
2.96975615,8.4330928366970069e-08
3.07046725,8.351844804153269e-08
3.26853235,6.6379444948797032e-08
3.3677175,5.5135646167632808e-08
3.4604937999999996,4.6630290509394677e-08
0.9787286,-8.3818932281530385e-09
1.07791375,-3.1882138367524074e-08
1.1795404,-5.8614490229425209e-08
1.4981536500000001,-3.2507078885042267e-08
1.5909299000000001,3.0735884292695485e-08
1.67546615,7.2800450012372843e-08
1.7688528000000001,1.0846210743578426e-07
1.8701742500000003,1.2098253316215664e-07
1.9641712500000001,1.2908535832259032e-07
2.0633564499999997,1.4204061805827207e-07
2.1655934500000003,1.4703837157745705e-07
2.26752525,1.4935835950374033e-07
2.36579485,1.3898939488343212e-07
2.4607074,1.3164416773321518e-07
2.5455489,1.2932825574502684e-07
2.6483962500000002,1.212826479195939e-07
2.7518540000000002,1.0538360651628541e-07
2.84859765,1.0327699237278417e-07
3.14767905,9.7405437009190944e-08
3.2471693999999998,8.346219919046947e-08
3.3469649500000003,8.0025195668400259e-08
3.43485825,6.7348001444058802e-08
0.9585864000000001,1.3394561802844074e-09
1.15817745,-5.110192758441202e-08
1.2555315,-6.9398403233918898e-08
1.35868405,-4.40675604872713e-08
1.55522325,7.597370639502585e-09
1.6605121,6.7466054036716417e-08
2.0697653,1.2324092923757656e-07
2.1674245500000002,1.5137621844467445e-07
2.26599935,1.4437325557967758e-07
2.46986295,1.2891225655918583e-07
2.5711844,1.2487038315224882e-07
2.67281105,1.2002904748909382e-07
2.7719962,1.1264714983418194e-07
2.87118135,1.0644708471903491e-07
3.0744346499999997,1.0247217074536853e-07
3.1553087,8.5836937748342412e-08
3.2560198,8.1222749268250386e-08
3.36252935,7.5337722868500329e-08
3.4678182499999997,5.9593649783221113e-08
1.2881863,-4.8074353630506862e-08
1.38767665,-4.8100479936868326e-08
1.4554277,-5.5607658325426592e-09
1.1941893000000001,-6.7592209003942466e-08
1.49357585,1.2655659944933624e-08
1.95043795,1.3952579655921285e-07
3.0979339,8.2190616539354841e-08
-0.0085451825,1.1430934484163919e-07
