-0.6123724356957945	0.35355339059327373
-0.6137339189836227	0.3535527341380326
-0.6150931231879603	0.3535507647747469
-0.616450043261441	0.3535474825107298
-0.6178046741651806	0.3535428873581699
-0.6191570108687958	0.35353697933413125
-0.6205070483504225	0.35352975846055307
-0.6218547815967348	0.3535212247642498
-0.6232002056029636	0.35351137827691115
-0.6245433153729152	0.3535002190351018
-0.6258841059189891	0.3534877470802612
-0.6272225722621981	0.35347396245870366
-0.6285587094321855	0.35345886522161796
-0.6298925124672434	0.35344245542506725
-0.6312239764143325	0.35342473312998884
-0.6338798672758936	0.35338535131236765
-0.6352042843277905	0.35336369193606815
-0.6365263425666045	0.3533407203537269
-0.6391633629760576	0.3532908409170091
-0.6404783153541965	0.3532639332478584
-0.6417908893342879	0.3532357137431171
-0.644408882612353	0.35317533965090286
-0.6457142921884831	0.35314318528762745
-0.6470173039229142	0.35310971953715553
-0.6496161145208136	0.353038854376588
-0.654784749312349	0.3528813932033738
-0.6560708411722702	0.3528387514948498
-0.6573544967317417	0.3527947995296355
-0.6599144798911267	0.35270296548685853
-0.6650050014728189	0.35250358182837316
-0.6662714699670905	0.35245046290872445
-0.6675354642811668	0.35239603517428414
-0.6700560116027108	0.3522832540743515
-0.6750672101736708	0.35204199531562674
-0.6763137543164927	0.3519784118089657
-0.6775577869873812	0.35191352124046144
-0.6800382994439823	0.3517798198866531
-0.6849689840550335	0.3514967433646545
-0.6947079698855821	0.3508679555586994
-0.6960150899529994	0.3507763265697581
-0.6973191722907663	0.3506831666317565
-0.6999182010241737	0.3504922555416238
-0.7050795561954848	0.3500920803101748
-0.706362215806066	0.34998821548730075
-0.7076417925273852	0.34988282315504526
-0.7101916749770747	0.34966745780897723
-0.7152542003847271	0.3492184176898325
-0.7165120412672648	0.3491023460444448
-0.7177667549620387	0.3489847507560169
-0.7202667788973796	0.348744991309648
-0.7252290604818095	0.3482472117282472
-0.7350013503187264	0.3471787337017023
-0.7362085067590607	0.3470383490748787
-0.7374124500472059	0.34689644981324597
-0.7398106761627294	0.34660810986941587
-0.7445683403091958	0.3460132820564181
-0.7539273582110853	0.3447511823251894
-0.7550824815764504	0.3445866415543547
-0.7562343094149286	0.3444205968490892
-0.7585280584172047	0.34408399854060767
-0.7630757898728188	0.3433927870364584
-0.7720110799635598	0.3419384756158467
-0.7730399696870279	0.34176250112416195
-0.7740659178577828	0.3415852261661987
-0.7761089739367095	0.341226777554632
-0.7801596164416029	0.34049430474813097
-0.7881181634851682	0.33896721454052803
-0.789099526198928	0.33877051630080157
-0.7900778862505442	0.33857252897982376
-0.7920255834874599	0.33817269011252254
-0.7958847829782341	0.3373575768797632
-0.8034575835441973	0.33566578375504275
-0.8043904633556762	0.33544855336043755
-0.8053202823203127	0.33523004652523286
-0.8071707235682228	0.33478920686370633
-0.8108347210064735	0.33389224716259447
-0.8180143988376017	0.3320373990053356
-0.8317744303554941	0.32808559450560126
-0.8325913521372248	0.32783302024654637
-0.8334052288369711	0.3275792469858189
-0.835023835095116	0.3270681071762836
-0.8382243764031294	0.32603148066863996
-0.8444781224451079	0.32390105387759105
-0.8452459719811358	0.32362940941595786
-0.8460107301527451	0.3233565813267484
-0.8475309612260554	0.3228073782612425
-0.8505342046907745	0.3216948127933862
-0.8563912056158904	0.3194132738225215
-0.8571092640377511	0.31912281347458943
-0.8578241877069246	0.31883118598130133
-0.8592446203397668	0.3182444338292631
-0.8620477542944287	0.3170569709961843
-0.8675025267194594	0.31462645584525456
-0.8778016832251494	0.3095450814129651
-0.8784702957741904	0.3091900328103507
-0.879135127734556	0.3088336535761346
-0.8804534384608487	0.30811690935347885
-0.883044568049292	0.30666752119528257
-0.8880442407984572	0.30370549724059653
-0.8886520297279983	0.3033293457691739
-0.8892559942507087	0.3029518888882286
-0.8904524396952086	0.30219306540108126
-0.8927993244404684	0.30065982536276087
-0.8973085093089725	0.29753134441431356
-0.8978548050653646	0.2971345044508149
-0.8983972368098208	0.2967363857379402
-0.899470498941918	0.2959363189229404
-0.9015705534641536	0.2943209160554364
-0.9055842830347935	0.2910294245166326
-0.9060684838066185	0.2906123332286877
-0.9065487852180834	0.29019399126021195
-0.9074976817086133	0.2893535624885557
-0.9093485925415851	0.2876577763551879
-0.9128624452016081	0.284206900205483
-0.9132560062441522	0.2837992106019726
-0.913646144067709	0.28339045721477
-0.914416144221179	0.2825697652219012
-0.9159150024159384	0.28091568351325397
-0.918747840057749	0.27755707773608496
-0.9190864613092921	0.27713255367165324
-0.9194216374871607	0.2767069908126083
-0.9200816496093387	0.2758527550952307
-0.9213602785553829	0.27413188857256554
-0.9237516912089081	0.27064093769402636
-0.9240350477604602	0.27019998650189375
-0.9243149406892182	0.2697580225009565
-0.9248643314947715	0.26887106270303146
-0.9259215043404563	0.2670850625474277
-0.926177123261225	0.2666360554826861
-0.9264292705299138	0.2661860489680624
-0.9269231463435047	0.26528304434006755
-0.9278691974318436	0.2634651161544639
-0.9280970174012044	0.2630081609297723
-0.9283213585220168	0.26255021985388005
-0.9287596008673868	0.26163138701830796
-0.9295943032494378	0.25978196690693095
-0.9297942696154786	0.25931717314163877
-0.929990750771046	0.2588514073603239
-0.9303732545178929	0.2579169667367084
-0.9310964079562432	0.2560364983584077
-0.9312827200303669	0.25552437361677316
-0.9314649323338815	0.2550111239843892
-0.9318170544385337	0.25398125909019664
-0.9324720673155851	0.2519081303600811
-0.9326255597757714	0.25138707003368355
-0.9327749465537871	0.25086490303012005
-0.9330614004508125	0.249817258191266
-0.9335850123338592	0.24770878985673586
-0.9337056419351979	0.24717894074892205
-0.9338221610995383	0.24664800348932078
-0.93404286608352	0.24558287386888114
-0.934147050931555	0.24504868619704542
-0.9342471233993841	0.24451341975140675
-0.9344349294503402	0.243439659969038
-0.9345226622066918	0.24290117135930298
-0.9346062809292901	0.24236161342973425
-0.9346857852500217	0.24182098855561884
-0.9347611748188858	0.24127929911694074
-0.9348324493039964	0.24073654749837053
-0.934899608391583	0.2401927360892547
-0.9350215792096893	0.2391019434800892
-0.9350763904032589	0.23855496708201787
-0.9351270851254063	0.2380069404973366
-0.9351736631529595	0.23745786613861367
-0.9352161242808683	0.23690774642303017
-0.935254468322207	0.23635658377236904
-0.9352886951081745	0.2358043806130046
-0.9353188044880943	0.23525113937589173
-0.9353447963294168	0.23469686249655528
-0.9353666705177184	0.23414155241507917
-0.9353844269567025	0.23358521157609588
-0.9353980655682005	0.23302784242877547
-0.9354075862921714	0.2324694474268151
-0.935412989086702	0.2319100290284278
-0.9354142739280079	0.2313495896963321
-0.9354114408104328	0.23078813189774075
-0.9354044897464487	0.2302256581043502
-0.9353934207666564	0.22966217079232962
-0.9353782339197847	0.22909767244231
-0.9353589292726903	0.22853216553937306
-0.9353355069103577	0.22796565257304052
-0.9353079669358988	0.22739813603726314
-0.9352763094705524	0.22682961843040964
-0.9352405346536838	0.22626010225525578
-0.9352006426427835	0.22568959001897315
-0.9351566336134678	0.22511808423311847
-0.9351085077594767	0.22454558741362227
-0.9350562652926742	0.22397210208077784
-0.934999906443046	0.22339763075923022
-0.9349394314587001	0.2228221759779651
-0.9348748406058642	0.22224574027029764
-0.9347333124502302	0.22108993623059645
-0.9346578157207736	0.22052114767973277
-0.9345783530730725	0.21995142341867854
-0.93440753138846	0.21880917743972128
-0.9343161730763752	0.21823666056856975
-0.9342208502956958	0.21766321768071004
-0.93401831296326	0.21651356359166307
-0.9339110992709052	0.21593735726866123
-0.9337999228287556	0.21536023468530138
-0.9335656835988504	0.2142032505367174
-0.9330496740244503	0.2118783951231159
-0.9329107724838535	0.21129492750098489
-0.9327679124380253	0.21071056331714555
-0.9324703192721905	0.20953915518637767
-0.9318276586747354	0.20718568953859384
-0.9316571070056181	0.20659511906220115
-0.9314826021507934	0.20600367196621772
-0.931121735862613	0.20481815795764569
-0.9303525987612526	0.2024367211763573
-0.9301504432781582	0.20183920821940202
-0.9299443410023971	0.20124083882302604
-0.9295202995877307	0.20004154087158316
-0.9286248948472271	0.19763277965323223
-0.926645016103196	0.1927751695144054
-0.9263798262498513	0.19216426021448382
-0.9261107056032337	0.19155253552765514
-0.925560676514561	0.19032665037934918
-0.9244135001796022	0.18786520987916594
-0.9219309530607906	0.18290423408268838
-0.9216251796362256	0.18232253043587884
-0.9213160035839617	0.18174015365675272
-0.9206874481747904	0.1805733893045367
-0.9193895568900694	0.17823187778343258
-0.9166309250062195	0.17351740840079183
-0.9104646125404845	0.16396659586021262
-0.9100505833269019	0.16336443044195742
-0.9096331942188736	0.16276166188443447
-0.9087883424958573	0.16155432425545704
-0.9070583889506612	0.1591325093926593
-0.9034378432875705	0.1542608226892747
-0.895557258067134	0.144409261565625
-0.8949924592541827	0.14373655367912275
-0.8944237751317466	0.14306322180859746
-0.8932747608502822	0.14171469781035162
-0.8909302183273452	0.1390102907994667
-0.8860556530527927	0.13357269905507685
-0.8755694314594018	0.12258770580708588
-0.8516908303782894	0.10022140613747907
-0.8509368323369417	0.09956172743638195
-0.8501796148388433	0.09890167205083154
-0.8486555329440697	0.09758044121686976
-0.8455688625428428	0.0949335693097476
-0.8392421533385086	0.0896227457924691
-0.8259806876847265	0.07893728767753562
-0.7970715390828655	0.057347446755274964
-0.7961365630713617	0.05668210135576885
-0.7951986922811576	0.056016549858279904
-0.7933142800156767	0.054684838249962564
-0.7895108688896667	0.052019048385212846
-0.7817664782062216	0.046678545096209056
-0.765733786231586	0.0359661972649577
-0.731545862215728	0.014451076421191856
-0.6481771070794387	-0.0323142934761257
-0.560120439972166	-0.07545649884041236
-0.4550709601328625	-0.12090138715526137
-0.344002825517999	-0.16341372970683796
-0.23502817454371316	-0.20053331054324178
-0.11289768891043611	-0.23737260664368975
0.0029387538033187055	-0.26798707595675764
0.0049046147987004685	-0.26847114558472834
0.006870454131506831	-0.26895402943628327
0.010802033078851692	-0.26991623128423614
0.018664548996351393	-0.27182631217249514
0.03438506833748084	-0.27558871206249
0.06579250752381949	-0.2828787708599388
0.1283488084475487	-0.2964915499001048
0.1302603641842907	-0.2968883085807294
0.13217136535013935	-0.2972838032881146
0.13599167142794233	-0.29807099405343346
0.14362527091556804	-0.2996301341802822
0.15886260013411346	-0.3026870789222633
0.1892032638953885	-0.30855274058771504
0.19109305108141716	-0.3089082439484088
0.19298202470727588	-0.3092624321621517
0.19675749911349155	-0.3099668571227022
0.20429833158677252	-0.3113598593077511
0.2193377345784403	-0.3140821425181801
0.24923317173885495	-0.31926925879010243
0.25096820345792853	-0.31956101917907936
0.25270230527514154	-0.31985159551213965
0.2561676935062798	-0.3204291917082605
0.26308702866707206	-0.3215701283508878
0.2768784992741412	-0.3237947433832738
0.30426121550484087	-0.32801311796176014
0.3059633214793923	-0.32826647645798746
0.30766429378100074	-0.32851861864233584
0.31106281215944975	-0.32901925034289864
0.317845967813551	-0.3300058771967751
0.3313553487110434	-0.3319203815184258
0.35813520088554884	-0.3355128281260043
0.35993787858092974	-0.33574478706422867
0.3617389885473633	-0.335975283647828
0.3653364739209242	-0.3364318857417642
0.37251228720976837	-0.33732749792804384
0.38678553607064786	-0.33904813799495176
0.41500463683516026	-0.34220543676031856
0.4167532914269396	-0.342390134160494
0.4185001308271613	-0.34257334026187497
0.4219883336270536	-0.3429352753828956
0.4289426226899631	-0.3436412153646005
0.4427610411764189	-0.34498120429072254
0.4700238029606433	-0.3473723458310836
0.47159880380615415	-0.3474999427760617
0.47317201405672965	-0.3476262203121855
0.47631303888685783	-0.34787481524504915
0.4825733390427498	-0.34835615144423093
0.49500561258453746	-0.34925530852015274
0.49655125098093666	-0.3493617401980758
0.49809500404143603	-0.34946684539815925
0.5011768307162572	-0.3496730747735663
0.5073176026151831	-0.3500695985688615
0.519506317392063	-0.35079882372256804
0.5210210911057233	-0.350883986690583
0.5225338865749112	-0.3509678174010006
0.5255535198119097	-0.35113148078092915
0.5315687951277301	-0.3514428067837626
0.5330675824805206	-0.3515173030622001
0.5345643458499901	-0.3515904646784262
0.5375517779146654	-0.3517327828181751
0.5435021047096106	-0.3520013912682726
0.5449845415048424	-0.3520652027549663
0.5464649090697208	-0.3521276774991498
0.5494194140332967	-0.3522486158162311
0.5553033464122479	-0.35247444144328743
0.5567690724263231	-0.35252755263241375
0.5582326844658227	-0.35257932532355185
0.5611535444006204	-0.3526788544306516
0.5669696526019183	-0.3528618423603406
0.5683898843898638	-0.3529034206533898
0.5698080420076306	-0.35294371113015105
0.572638114039635	-0.3530204280513972
0.5740500181263651	-0.35305685421592653
0.5754598273879385	-0.3530919920042576
0.5782731408645575	-0.3531584019441277
0.5796766348132503	-0.3531896738533232
0.5810780134041187	-0.35321965690163476
0.5838744040644602	-0.35327575598265243
0.5852694059293357	-0.35330187181064177
0.5866622720272289	-0.3533266983683139
0.5894415765984753	-0.35337248331502313
0.5908280049295813	-0.3533934415369817
0.5922122772092476	-0.3534131101544666
0.5935943883859836	-0.353431489095703
0.5949743334161846	-0.3534485782936224
0.596352107264151	-0.3534643776858629
0.597727704902106	-0.3534788872147693
0.5991011213102143	-0.3534921068273933
0.6004723514766008	-0.35350403647549394
0.6018413903973676	-0.3535146761155375
0.6032082330766132	-0.3535240257086977
0.6045728745264511	-0.35353208522085605
0.6059353097670277	-0.3535388546226017
0.6072955338265396	-0.3535443338892318
0.6086535417412533	-0.35354852300075135
0.6100093285555215	-0.35355142194187333
0.611362889321803	-0.3535530307020191
0.6127142191006796	-0.35355334927531784
0.6140633129608738	-0.3535523776606071
0.6154101659792682	-0.3535501158614324
0.6167547732409228	-0.3535465638860476
0.618097129839092	-0.3535417217474145
0.6194372308752444	-0.35353558946320307
0.6207750714590786	-0.3535281670557913
0.6221106467085428	-0.353519454552265
0.6234439517498515	-0.35350945198441797
0.6247749817175031	-0.3534981593887515
0.6261037317542993	-0.35348557680647463
0.6274301970113612	-0.3534717042835037
0.6287543726481475	-0.35345654187046244
0.6300762538324722	-0.35344008962268153
0.6327131135568758	-0.3534033158677578
0.6340280824745177	-0.3533829944948099
0.635340737694859	-0.3533613835555117
0.6379590878915191	-0.3533142932980207
0.6392647733129461	-0.3532888141516699
0.6405681259273237	-0.35326204578265197
0.6431678137186682	-0.3532046417720519
0.644464139408846	-0.3531740063399487
0.6457581133184309	-0.3531420821041354
0.6483389869165278	-0.3530743676920733
0.6534723055558876	-0.3529234786643956
0.6548579636586738	-0.35287900301483205
0.6562408093026649	-0.3528330118340987
0.658998039470396	-0.3527364836757154
0.6644784897970704	-0.35252525011182817
0.6658414826173329	-0.3524686561078837
0.6672016158072052	-0.35241054833511154
0.6699132799422953	-0.3522897924878206
0.6753020364500332	-0.3520301269833554
0.6766419893575539	-0.3519614301803753
0.6779790362490834	-0.351891221786982
0.6806443890274846	-0.35174627144155945
0.6859399705705344	-0.3514382453677979
0.6963893682315225	-0.3507497679488729
0.6976821428550023	-0.35065692551489863
0.6989719211000495	-0.35056257709304756
0.7015424663105767	-0.35036936391299706
0.7066473573268024	-0.3499648839604794
0.707916006546338	-0.3498600053311794
0.7091816154354363	-0.34975362413658473
0.7117036904934488	-0.34953635588549015
0.7167111183604581	-0.3490838091346853
0.717955293476976	-0.3489669231368465
0.7191963851467128	-0.3488485384092882
0.7216692968383397	-0.34860727480518405
0.726577885221815	-0.3481067856424316
0.7362449459457291	-0.3470340820269699
0.7373594747299148	-0.34690273346509964
0.7384712457049698	-0.34677008744715987
0.7406864976054122	-0.34650090503236775
0.7450837254310573	-0.3459469928837453
0.753744159700531	-0.34477709695114367
0.7548140703733901	-0.3446250513384694
0.7558811579549258	-0.3444717167885183
0.7580068478904797	-0.3441611831755599
0.7622241757696435	-0.34352467425855704
0.7705217438392664	-0.34219002458920134
0.7715460120754782	-0.3420174274931755
0.7725673946409828	-0.34184355121268545
0.7746014874903242	-0.3414919637043642
0.7786348777815084	-0.34077346740835995
0.7865616356151202	-0.33927534178691515
0.8018484785430103	-0.33603583904210116
0.8028563829964763	-0.3358047291991316
0.8038607602290495	-0.33557214405188385
0.8058589153967523	-0.3351025519383328
0.8098127059689766	-0.3341457094539243
0.8175492405742446	-0.332161629031747
0.8185001887086067	-0.3319070405581824
0.8194475408935223	-0.33165099390421016
0.8213314407826697	-0.33113453056104386
0.8250559070985675	-0.330084155634028
0.8323305949130768	-0.3279138733782728
0.8332235173015823	-0.32763609258176213
0.8341127790560559	-0.32735687236856953
0.8358803050516901	-0.32679411860529395
0.8393712586137236	-0.3256513924767996
0.8461759185963769	-0.32329734906516716
0.8590696413117198	-0.31831724778946185
0.8598294712978378	-0.317999958093439
0.8605856604253976	-0.31768132185963466
0.8620871033122577	-0.31704001518130537
0.8650461589296854	-0.31574130311879134
0.8707882530820021	-0.31307979403082165
0.8714894537559736	-0.3127411248173842
0.8721869641984032	-0.31240113133414826
0.8735709025901328	-0.3117171773225507
0.8762943676879943	-0.3103334417820752
0.8815630106163405	-0.3075029906211744
0.8822048219412406	-0.30714330897654624
0.8828428976614856	-0.3067823267654892
0.8841078314963777	-0.3060564667637557
0.8865927540894342	-0.3045892075871537
0.891382235070304	-0.3015928823015955
0.900235283309283	-0.2953558750849731
0.9007213609712494	-0.2949823456837719
0.9012041205591694	-0.2946077296276874
0.9021596784115478	-0.29385524307490346
0.9040308997984264	-0.29233729109871914
0.907613383403937	-0.2892497861387916
0.9080461653348549	-0.288859038090067
0.9084756022086389	-0.2884672259434773
0.909324434469302	-0.28768041513404136
0.9109818895251917	-0.2860940881104371
0.9141356240085576	-0.2828709409959918
0.91451470210457	-0.2824633427665734
0.9148904113146763	-0.28205470399972876
0.9156317175534417	-0.28123431087895634
0.9170738433346215	-0.27958110467948083
0.9197958547934788	-0.2762253547674689
0.9201208715922649	-0.27580129071353643
0.9204424988531585	-0.2753762106638206
0.921075580034522	-0.2745230088444094
0.922301016648048	-0.2728044824062054
0.9245887382853643	-0.2693192940951042
0.9248820883451903	-0.2688419485492284
0.9251714315540178	-0.26836343830393466
0.9257380924219758	-0.26740293201229764
0.92682327795488	-0.2654680345868116
0.9270845390810206	-0.2649814297721946
0.927341783814523	-0.2644936769830197
0.9278442196631899	-0.2635147359382931
0.9288008467791533	-0.2615431714618909
0.9290299465343987	-0.26104744229449056
0.9292550214689502	-0.26055058219567967
0.9296930929930584	-0.2595534778188709
0.9305208964578293	-0.25754579292714325
0.9307177713220252	-0.2570410768527342
0.930910614053392	-0.2565352472036237
0.9312841997933143	-0.255520255951702
0.9319829500902621	-0.25347700729497896
0.9321475454779209	-0.25296344425104356
0.9323081025385644	-0.25244878529786535
0.93261709891399	-0.2514161885871117
0.9327655368901121	-0.2508982553030374
0.9329099338619053	-0.2503792350567034
0.9331866023077406	-0.24933794267612597
0.9333188725831766	-0.2488156750530559
0.9334470994570768	-0.24829232949005317
0.9336914207957294	-0.24724241361803453
0.9341315193858806	-0.24512974666685106
0.9342314278758623	-0.24459891926846777
0.9343272890108607	-0.24406703219833153
0.9345068675722525	-0.2430000882645223
0.9345905842206608	-0.2424650360231524
0.9346702519581187	-0.24192893335461574
0.9348174393371529	-0.2408535860307769
0.9348849583410718	-0.2403143460341837
0.9349484271587282	-0.2397740649278215
0.9350078455151571	-0.23923274505234102
0.9350632131529417	-0.23869038875289322
0.9351145298322134	-0.23814699837911904
0.9351617953306539	-0.23760257628513942
0.9352050094434958	-0.23705712482954483
0.9352441719835232	-0.23651064637538563
0.9352770732126598	-0.23599959164100817
0.9353064436443479	-0.23548764597625296
0.9353322831677098	-0.23497481131378428
0.9353545916851981	-0.23446108958962233
0.9353733691125952	-0.23394648274313595
0.9353886153790133	-0.23343099271703582
0.9354003304268963	-0.23291462145736638
0.9354085142120181	-0.23239737091349888
0.9354131667034835	-0.23187924303812424
0.935414287883729	-0.2313602397872453
0.935411877748522	-0.23084036312016926
0.9354059363069609	-0.23031961499950127
0.9353964635814757	-0.22979799739113546
0.935383459607827	-0.22927551226424903
0.9353669244351067	-0.22875216159129433
0.9353468581257371	-0.22822794734799037
0.9353232607554718	-0.2277028715133171
0.9352961324133933	-0.22717693606950703
0.9352654732019152	-0.22665014300203717
0.9352312832367802	-0.2261224942996228
0.9351935626470598	-0.22559399195420934
0.9351523115751544	-0.22506463796096418
0.9350592186210299	-0.224003383027719
0.9350073770902493	-0.2234714860940996
0.9349520057801592	-0.2229387455253954
0.9348306746715128	-0.22187074153058106
0.9347647153309977	-0.22133548213633017
0.9346952271272544	-0.22079938717069858
0.9345456651927129	-0.2197246986237629
0.9344655920265313	-0.21918610909955366
0.9343819911263525	-0.21864669211813742
0.9342042073997378	-0.21756538393228844
0.9341100252444597	-0.21702349680994018
0.9340123166974968	-0.21648079039453896
0.9338063219172803	-0.21539292788282244
0.9336980364616847	-0.2148477758933357
0.9335862261697176	-0.2143018128244363
0.9333520327783711	-0.21320746169579247
0.9328413674229273	-0.2110091173774622
0.9327048958401023	-0.21045753463352648
0.9325649031701464	-0.20990515738393323
0.9322743566960963	-0.20879802771195935
0.9316510348463916	-0.20657432625325461
0.9302356117766273	-0.2020896259728869
0.930046703321495	-0.20153669860359671
0.9298544207452347	-0.2009830400783007
0.9294597360318999	-0.19987353759681864
0.9286299086651738	-0.1976458473179138
0.9268085948679766	-0.1931561789535129
0.9265657910334038	-0.1925917955906301
0.9263196257061221	-0.1920267135230003
0.9258172141578822	-0.1908944614762832
0.924772093260406	-0.18862166329762237
0.9225208766804613	-0.184043353180892
0.9222244029515934	-0.18346803795149624
0.9219245834801606	-0.18289205711747986
0.9213149116726	-0.1817381069964073
0.9200554678189864	-0.17942231160223512
0.9173764390983106	-0.17475961148202004
0.9113800596171484	-0.16531357540874422
0.9109426787261463	-0.16466729815923747
0.9105014066036052	-0.16402031750807966
0.9096071962203678	-0.1627242570585134
0.9077721647264188	-0.16012381714123003
0.9039161033563154	-0.15489028427309715
0.8954637654090313	-0.1442976292774452
0.8949028821485612	-0.14363022837620143
0.8943381761730067	-0.14296221393638125
0.8931973057418765	-0.14162435585772418
0.890869799529438	-0.13894140296673993
0.8860322879339474	-0.13354719289738537
0.8756319837240081	-0.12265073013363088
0.8749958462453636	-0.12201106502233504
0.8743564550485794	-0.12137094620646798
0.873067921023121	-0.12008935698395899
0.8704519137789088	-0.11752083892991422
0.8650646913155633	-0.11236297979672849
0.8536739660912676	-0.10196827403119715
0.8284663608316251	-0.0808976664156682
0.827556605127361	-0.08017801314724686
0.8266432330274106	-0.0794580095034925
0.8248056556218651	-0.07801696367707447
0.8210872807411187	-0.07513080606241852
0.8134785659224364	-0.06934293376240967
0.7975808074910766	-0.057710633558034664
0.7631275314920891	-0.0342654506383083
0.6897747959158772	0.009848215937032537
0.6074146142054034	0.052952474501198055
0.5078320277749977	0.09879026032901263
0.40677866696183645	0.14001601161617
0.2902703448764033	0.1822445406782407
0.17078202267119508	0.22051157093904733
0.05660103779700304	0.25276640060121863
-0.06811759230406927	0.2834064078759234
-0.06993333868289092	0.28381730210676426
-0.07174882011541883	0.28422712108016873
-0.07537896063041621	0.285043527048261
-0.08263575974108545	0.28666336785351154
-0.09713389108931425	0.2898508226591449
-0.12605599020589153	0.2960141424388482
-0.18350551430906442	0.30747386683556505
-0.18525541313603183	0.307806332528422
-0.18700463743680074	0.30813767747974924
-0.19050103698609927	0.30879700033611174
-0.19748546170032666	0.31010214434075456
-0.21141939035230373	0.3126581607812079
-0.2391362151911684	0.31755104499836473
-0.24086138326845413	0.31784706898094184
-0.24258567435483241	0.3181419356630588
-0.24603160044508587	0.3187281928356199
-0.2529126527085167	0.31988677261841486
-0.2666301556525204	0.32214795912610467
-0.29387558630024574	0.32644461865928476
-0.29571344454364623	0.3267249997386128
-0.2975500353805988	0.32700398049820806
-0.3012193833546387	0.3275577362814408
-0.3085425244476196	0.3286483918034306
-0.32312483147799664	0.33076201892784257
-0.35201957718787125	0.33471654098872056
-0.3538130024806664	0.3349515487455199
-0.3556049113565075	0.335185120924192
-0.35918414914388863	0.3356479545490171
-0.366324090235046	0.3365563512266678
-0.38052812307452477	0.3383038463453695
-0.4086191924815006	0.34151999937379474
-0.4102439378914542	0.3416960360561356
-0.4118671523237552	0.3418707975727843
-0.4151089640306268	0.34221649250501696
-0.4215739495625098	0.34289255200406227
-0.4344280199890731	0.3441832098589724
-0.43602754609445815	0.34433876829832416
-0.4376254450010799	0.34449304170964695
-0.4408163373715122	0.3447977311500888
-0.4471783337580526	0.34539166468413307
-0.4598218456470443	0.34651762785812096
-0.46139462444722246	0.34665255945209844
-0.46296568138196115	0.34678619738327565
-0.4661026062096344	0.3470495902671805
-0.47235553594168045	0.34756083046141406
-0.4847764111568443	0.34852102334061913
-0.4863209402024315	0.3486351991913186
-0.48786365436077217	0.34874807398026114
-0.490943614993662	0.34896991869279537
-0.49708150475161994	0.3493979771679783
-0.5092678778378038	0.3501914824961405
-0.5109587330229366	0.3502955609598936
-0.512647212046227	0.35039801040961577
-0.5160170102099662	0.35059802036882215
-0.5227277478477581	0.3509784716637423
-0.5243993745027367	0.35106950509969265
-0.5260685624915322	0.3511589059224634
-0.5293995914323892	0.35133280807306205
-0.5360320445390185	0.35166100323204524
-0.5376839451572402	0.35173896454698084
-0.5393333453307283	0.3518152901354835
-0.542624613673691	0.3519630327210202
-0.5491768083100563	0.3522388740671969
-0.5508084912557463	0.3523037400584075
-0.5524376127223303	0.35236696769675374
-0.5556881409258668	0.3524885067463385
-0.5621581270392522	0.35271191218428927
-0.563769106693784	0.35276366354647193
-0.5653774645971802	0.35281377441696254
-0.5685862852447681	0.3529090737583559
-0.5701867330666641	0.3529542617860786
-0.5717845292929031	0.35299780843575146
-0.5749721372492146	0.35307997679854475
-0.5765619341556392	0.35311859812954943
-0.5781490498191795	0.35315557731827485
-0.5813152079072257	0.3532246085886533
-0.582894235607834	0.3532566603492833
-0.584470552617831	0.3532870693255897
-0.5876150252566206	0.35334295836721613
-0.5891831662623618	0.3533684381726299
-0.5907485673314559	0.35339227467390855
-0.5923112211841641	0.3534144677602028
-0.5938711205535234	0.35343501732830596
-0.5954282581853795	0.3534539232826544
-0.5969826268384221	0.35347118553532786
-0.5985342192842168	0.35348680400605
-0.6000830283072391	0.3535007786221886
-0.6016290467049104	0.35351310931875624
-0.6031722672876292	0.3535237960384103
-0.6047126828788039	0.35353283873145314
-0.6062502863148872	0.3535402373558327
-0.6077850704454104	0.3535459918771424
-0.6093170281330165	0.3535501022686215
-0.6108461522534901	0.3535525685111549
-0.6123724356957942	0.35355339059327373