1.2822827157509358e-7	358.49999999999494
0.0019271654532543384	358.49887244111045
0.0038542026782371016	358.4954900812841
0.005781239903219865	358.4898529707569
0.0077082771282026286	358.48196119326184
0.009635314353185391	358.4718148660222
0.011562351578168154	358.4594141397505
0.013489388803150919	358.4447591986453
0.015416426028133682	358.4278502603893
0.017343463253116444	358.40868757614567
0.01927050047809921	358.38727143055445
0.02119753770308197	358.3636021417284
0.023124574928064735	358.337680061248
0.0250516121530475	358.3095055741566
0.02697864937803026	358.2790790989544
0.03083272382799579	358.21147202546507
0.03275976105297855	358.17429243140487
0.03468679827796131	358.1348628576725
0.03854087272792684	358.0492561473305
0.04046790995290961	358.00308028231194
0.04239494717789237	357.95465698078453
0.04624902162785789	357.85107097866927
0.04817605885284065	357.79590981673465
0.05010309607782342	357.7385042955745
0.05395717052778895	357.61696361967944
0.06166531942772	357.34698970773786
0.06359235665270277	357.27389941267535
0.06551939387768553	357.19857251226284
0.06937346832765105	357.0412134041777
0.07708161722758211	356.6997073790405
0.07900865445256487	356.6087574285583
0.08093569167754763	356.51558075265945
0.08478976612751316	356.32255279380496
0.09249791502744421	355.9098392820985
0.09442495225242697	355.8011161308222
0.09635198947740975	355.6901782507294
0.10020606392737527	355.4616649283954
0.10791421282730632	354.9781362447059
0.12333051062716843	353.90548391921277
0.12541963980000953	353.74933389983374
0.12750876897285063	353.590616720034
0.13168702731853285	353.2654920073629
0.14004354400989727	352.58456157133986
0.1567565773926261	351.1006572957432
0.1588457065654672	350.90379018987346
0.1609348357383083	350.7044056005655
0.16511309408399052	350.2980979388028
0.17346961077535494	349.45542890718264
0.19018264415808375	347.6507144513802
0.19227177333092488	347.41400977138306
0.19436090250376598	347.1748485318971
0.19853916084944817	346.6891731182044
0.20689567754081256	345.6885301515595
0.2236087109235414	343.57106815592516
0.25703477768899907	338.87994440675226
0.2589854638104611	338.5877258197565
0.26093614993192316	338.29349981108936
0.2648375221748473	337.69904347251367
0.2726402666606955	336.48624082017756
0.28824575563239196	333.9661194557786
0.3194567335757848	328.5565629964884
0.32140741969724684	328.2024768149
0.32335810581870894	327.84654128225503
0.327259478061633	327.1291438621933
0.3350622225474812	325.6723970588071
0.35066771151917764	322.67234652532017
0.38187868946257053	316.3363904512484
0.3837911108657327	315.93401555096216
0.3857035322688948	315.5300426220599
0.3895283750752191	314.7173263412333
0.3971780606878676	313.0729790267375
0.41247743191316466	309.7099801566301
0.44307617436375885	302.6979042593049
0.5042736592649472	287.6231131083755
0.6370425137302576	251.08279800796154
0.7609510129073087	214.11919794321497
0.8952333967472936	173.62156248348046
1.0270668386160837	136.15295204235295
1.0289882930939045	135.63694446462617
1.0309097475717253	135.12198634120492
1.0347526565273668	134.09524886113277
1.0424384744386501	132.05470091458372
1.0578101102612165	128.02699514146263
1.0885533819063493	120.19837531619854
1.09047483638417	119.71964087929004
1.0923962908619909	119.2421909623292
1.0962391998176324	118.29117287296663
1.1039250177289157	116.40485989154774
1.1192966535514821	112.6966800842768
1.1500399251966147	105.55026138327133
1.1521234716222937	105.07946782811366
1.1542070180479729	104.6104388766804
1.1583741108993313	103.67770733227547
1.1667082966020477	101.83377577659854
1.1833766680074809	98.23382124127423
1.216713410818347	91.39937303496913
1.218796957244026	90.98892883933486
1.2208805036697052	90.58049392452959
1.2250475965210637	89.76968027168999
1.23338178222378	88.17247404547385
1.2500501536292132	85.07728705081816
1.2833868964400794	79.29565678760571
1.2853319998143795	78.97555881944307
1.2872771031886794	78.6573937933099
1.2911673099372796	78.02688179784911
1.29894772343448	76.7892630029055
1.3145085504288807	74.40868506149772
1.3164536538031808	74.12007541499702
1.318398757177481	73.83347219190375
1.322288963926081	73.26630233496607
1.3300693774232815	72.15622850354131
1.3456302044176822	70.03407478630358
1.3475753077919823	69.77807124049133
1.3495204111662824	69.52413982862934
1.3534106179148826	69.0225087470155
1.361191031412083	68.04427917146418
1.3767518584064837	66.18876873463711
1.3786969617807838	65.9663627858049
1.380642065155084	65.74608665613503
1.384532271903684	65.31193715636198
1.3923126854008845	64.46934049903803
1.407873512395285	62.887659695104716
1.4097803510512852	62.703389067455426
1.4116871897072854	62.521212743364934
1.4155008670192857	62.16315357373709
1.4231282216432863	61.47228141380405
1.4383829308912877	60.19207418249589
1.4402897695472878	60.04161321659035
1.442196608203288	59.89328526742304
1.4460102855152883	59.60303701744508
1.453637640139289	59.04822955715419
1.4688923493872903	58.04181217392788
1.4707991880432905	57.92572090705207
1.4727060266992906	57.81179343069982
1.476519704011291	57.59043644596969
1.4841470586352916	57.17375875822826
1.4860538972912918	57.075022445505866
1.487960735947292	56.97846229596501
1.4917744132592923	56.791876072285554
1.499401767883293	56.44487725286948
1.501308606539293	56.36358779336216
1.5032154451952933	56.2844848442252
1.5070291225072936	56.13284304717496
1.5089359611632938	56.06030640475772
1.510842799819294	55.989960683670844
1.5146564771312943	55.85584606607388
1.5165633157872944	55.79207912014249
1.5184701544432946	55.73050699667047
1.522283831755295	55.61395076721847
1.524190670411295	55.558968356445924
1.5260975090672952	55.50618415852298
1.5299111863792956	55.407213440041865
1.5319801169831542	55.3572038646146
1.5340490475870125	55.30978556101113
1.5361179781908711	55.264959341121525
1.5381869087947297	55.22272597245455
1.5402558393985881	55.18308617812448
1.5423247700024467	55.14604063683876
1.5464626312101637	55.079734806126964
1.548531561814022	55.05047565198077
1.5506004924178807	55.02381302141923
1.5526694230217393	54.99974737095648
1.5547383536255976	54.978279112641474
1.556807284229456	54.95940861405097
1.5588762148333146	54.9431361982832
1.5609451454371732	54.92946214395237
1.5630140760410316	54.918386685183876
1.56508300664489	54.90991001161029
1.5671519372487486	54.90403226836813
1.5692208678526072	54.90075355609534
1.5712897984564655	54.90007393092962
1.5733587290603241	54.90199340450744
1.5754276596641827	54.90651194396379
1.5774965902680411	54.91362947193284
1.5795655208718997	54.92334586654919
1.5816344514757583	54.93566096144999
1.5837033820796167	54.95057454577777
1.5857723126834753	54.96808636418407
1.587841243287334	54.98819611683378
1.5899101738911923	55.010903459410315
1.5919791044950509	55.0362080031215
1.5940480350989095	55.064109314706194
1.5961169657027678	55.09460691644174
1.5981858963066262	55.127700286152134
1.6002548269104848	55.16338885721698
1.6023237575143434	55.201672018581164
1.6043926881182018	55.24254911476533
1.6064616187220602	55.28601944587713
1.6085305493259188	55.33208226762316
1.6126684105336357	55.43198218391633
1.6147373411374941	55.48581756799002
1.6168062717413527	55.54224202178027
1.6209441329490697	55.66285422982841
1.6292198553645039	55.93510200647321
1.6312887859683625	56.009620417412954
1.6333577165722208	56.08671892958447
1.637495577779938	56.24865093318619
1.645771300195372	56.60341511509761
1.6478402307992304	56.69853490298795
1.649909161403089	56.79622299660517
1.654047022610806	56.99929736666288
1.66232274502624	57.43618923828599
1.6642532325787194	57.543989895725964
1.6661837201311989	57.65401403825191
1.6700446952361578	57.88072618487232
1.6777666454460756	58.36075791518018
1.6796971329985548	58.48629867631283
1.6816276205510343	58.61404887543059
1.6854885956559933	58.876169937168235
1.6932105458659112	59.42683932026591
1.6951410334183907	59.570000421666855
1.6970715209708702	59.715354806191506
1.7009324960758292	60.01263472469337
1.708654446285747	60.63341643278734
1.7240983467055826	61.97933820183867
1.726028834258062	62.15731358595438
1.7279593218105416	62.33744368383121
1.7318202969155005	62.70415724791084
1.7395422471254183	63.46332064444417
1.754986147545254	65.08394807045272
1.785873948384925	68.72882480379928
1.787966527885263	68.99496299071194
1.7900591073856007	69.26351315437203
1.794244266386276	69.80783055457587
1.8026145843876273	70.9251992884615
1.8193552203903298	73.27376250622655
1.8528364923957346	78.41675757265381
1.8549290718960725	78.7575399310324
1.8570216513964102	79.1005632694463
1.8612068103970856	79.79330881429063
1.8695771283984368	81.2054246851543
1.8863177644011393	84.13475752007422
1.919799036406544	90.4021325170533
1.9218533511885818	90.80395283691334
1.9239076659706198	91.20772957629015
1.9280162955346953	92.02112501636427
1.9362335546628469	93.6710908246674
1.95266807291915	97.06215158379786
1.985537109431756	104.19579937933474
2.051275182456968	119.75880056685483
2.053191054187627	120.2362467807499
2.055106925918286	120.71496247622022
2.0589386693796037	121.67617417887561
2.0666021563022388	123.61352086777808
2.0819291301475094	127.54630847094415
2.1125830778380505	135.63123485840836
2.1738909732191334	152.57082386191678
2.3068806486442317	191.75257854319824
2.431009968781071	229.32931531762156
2.5655131735808445	268.40910899928275
2.567576521437541	268.98091797131923
2.569639869294238	269.5516663246498
2.573766565007631	270.6899423149703
2.582019956434417	272.9533404386746
2.5985267392879887	277.4253692172279
2.6315403049951334	286.13340838339514
2.6975674364094226	302.47453368574963
2.6994923412147402	302.9272264415096
2.701417246020058	303.37849301203266
2.7052670556306926	304.2767208656882
2.7129666748519625	306.0557694964613
2.7283659132945024	309.5427692210044
2.759164390179582	316.22092365340774
2.7610892949848997	316.6247699420439
2.7630141997902173	317.0269870339353
2.766864009400852	317.8265098066551
2.774563628622122	319.4057443241032
2.789962867064662	322.48366684195196
2.820761343949742	328.30724429433434
2.822848340702918	328.6854186355606
2.824935337456094	329.0614677228538
2.8291093309624458	329.8071639663769
2.837457317975149	331.2727676305436
2.8541532920005555	334.0994024720308
2.8562402887537313	334.44280756071913
2.858327285506907	334.7839870891131
2.8625012790132587	335.45964572750864
2.870849266025962	336.78399735105774
2.8875452400513684	339.323559162881
2.889632236804544	339.63066395102663
2.89171923355772	339.9354527950244
2.8958932270640716	340.5380614506535
2.904241214076775	341.71525650282047
2.9209371881021817	343.9564228230447
2.954329136152995	347.9773381480521
2.956277689854792	348.1926842368441
2.958226243556589	348.4058814158383
2.9621233509601823	348.8258161254523
2.9699175657673695	349.63975835142395
2.9855059953817435	351.16325285611316
2.98745454908354	351.34384622849853
2.989403102785337	351.5222428330437
2.9933002101889308	351.8724349344763
3.0010944249961176	352.5463409506583
3.016682854610492	353.78767838709024
3.018631408312289	353.9328171259929
3.020579962014086	354.0757197772493
3.0244770694176792	354.35480816952156
3.0322712842248665	354.8860586874307
3.0342198379266634	355.01324986197346
3.0361683916284603	355.1381885398765
3.0400654990320537	355.3813008500141
3.047859713839241	355.84041431629004
3.049808267541038	355.94953430710336
3.0517568212428348	356.0563875815254
3.055653928646428	356.2632875243412
3.0634481434536154	356.6498177184234
3.0653966971554123	356.74076046984345
3.0673452508572088	356.82942448818284
3.071242358260802	356.99991097393485
3.0790365730679894	357.3134822202388
3.080946862051486	357.38475417229625
3.0828571510349834	357.4538266093982
3.086677729001977	357.58536893791063
3.0885880179854737	357.64783690922434
3.0904983069689704	357.7081015254169
3.094318884935964	357.8220172059318
3.0962291739194607	357.87566660744994
3.0981394629029575	357.9271093282628
3.1019600408699515	358.0233717563984
3.1038703298534482	358.0681900585978
3.1057806188369455	358.110798869866
3.109601196803939	358.18938556406044
3.1115114857874357	358.2253622998726
3.1134217747709325	358.25912725054206
3.1153320637544297	358.29067992320876
3.1172423527379265	358.3200198573045
3.1191526417214233	358.34714662456025
3.1210629307049205	358.3720598290122
3.1229732196884172	358.3947591070072
3.124883508671914	358.41524412720844
3.1267937976554108	358.4335145906004
3.1287040866389075	358.4495702304925
3.1306143756224047	358.4634108125241
3.1325246646059015	358.4750361346669
3.1344349535893983	358.4844460272283
3.1363452425728955	358.49164035285423
3.1382555315563923	358.49661900653035
3.140165820539889	358.4993819155845
3.142076109523386	358.4999290396868
3.1439863985068826	358.49826037085114
3.1458966874903798	358.4943759334347
3.1478069764738765	358.4882757841379
3.1497172654573733	358.47996001200323
3.1516275544408705	358.4694287384145
3.1535378434243673	358.4566821170945
3.155448132407864	358.44172033410314
3.157358421391361	358.42454360783444
3.1592687103748576	358.4051521890138
3.1611789993583543	358.3835463606936
3.163089288341851	358.35972643824994
3.164999577325348	358.3336927693774
3.1669098663088446	358.3054457340842
3.1707304442758386	358.24231324580273
3.1726407332593354	358.2074287143467
3.1745510222428326	358.17033265952097
3.178371600209826	358.0895081779679
3.180281889193323	358.0457809310193
3.1821921781768197	357.999844520241
3.186012756143813	357.9013469215304
3.18792304512731	357.8487871713476
3.1898333341108067	357.7940211328134
3.1936539120778007	357.67787342051867
3.201295068011788	357.4191398659422
3.203367448943143	357.34289735345726
3.2054398298744986	357.26406694267604
3.209584591737209	357.09864788757756
3.21787411546263	356.7368175596632
3.219946496393985	356.63991226583585
3.22201887732534	356.54043115031146
3.2261636391880506	356.3337483343471
3.2344531629134714	355.8895509986393
3.2365255438448264	355.7720894571305
3.238597924776182	355.65206700227554
3.242742686638892	355.4043476439614
3.251032210364313	354.8782716325888
3.2676112578151546	353.7040912201059
3.2696836387465096	353.5459270369996
3.271756019677865	353.38524018384976
3.2759007815405754	353.0563095524845
3.284190305265996	352.36830060643945
3.300769352716838	350.87236830439076
3.302841733648193	350.67419680510477
3.304914114579548	350.4735519693045
3.3090588764422586	350.0648561181234
3.3173484001676794	349.2179388798918
3.333927447618521	347.4068311440377
3.335861385498497	347.1854518641108
3.337795323378473	346.9619708594143
3.3416631991384254	346.5087170806057
3.34939895065833	345.5771380347299
3.3648704536981393	343.614484893387
3.3958134597777576	339.29794013399646
3.3977473976577337	339.0111177741189
3.39968133553771	338.72231598114115
3.403549211297662	338.138791407846
3.4112849628175668	336.9481811466872
3.426756465857376	334.4737234322668
3.4576994719369947	329.16030505599207
3.4597955017648294	328.78318781462576
3.4618915315926637	328.4039251640846
3.4660835912483323	327.63899033270553
3.4744677105596704	326.08367152749923
3.4912359491823466	322.8727803279785
3.524772426427698	316.0628155830823
3.591845380918402	301.00027801183006
3.5939031460279365	300.5099108728027
3.595960911137471	300.0179548223051
3.6000764413565403	299.02930934382056
3.6083075017946786	297.03331986658947
3.624769622670955	292.9684487334995
3.657693864423508	284.5626926385026
3.7235423479286145	266.7766003728207
3.8463789596505675	231.06787283941082
3.979589456035455	190.76049019672843
4.103939597132083	154.09273005575986
4.105844303368418	153.55068009166118
4.107749009604753	153.0094014095435
4.111558422077422	151.9291892992364
4.119177247022762	149.77836531069536
4.134414896913441	145.5168620950171
4.164890196694799	137.1682176407142
4.225840796257516	121.27566187367466
4.227907594441708	120.75769808519198
4.229974392625902	120.24120275798154
4.234107988994289	119.21265276272126
4.242375181731061	117.17356091429826
4.258909567204608	113.16935209921937
4.291978338151699	105.47201258668291
4.2940451363358925	105.00528631487637
4.296111934520086	104.5402976594163
4.300245530888472	103.61556494800058
4.308512723625245	101.78729849864183
4.325047109098791	98.2173005706417
4.358115880045883	91.43693786143231
4.360044235178697	91.05682671156978
4.361972590311511	90.6784356608907
4.36582930057714	89.92683634446428
4.373542721108397	88.44452482089768
4.38896956217091	85.56467611450557
4.419823244295937	80.15352696230603
4.4217515994287515	79.83112036877706
4.423679954561566	79.51060084778388
4.427536664827194	78.87524206514547
4.435250085358451	77.62737724969163
4.4506769264209645	75.22408843475586
4.481530608545991	70.79512488660389
4.483621055626664	70.51358164479443
4.4857115027073355	70.23441892122163
4.489892396868681	69.68325450597979
4.498254185191371	68.6097038037587
4.514977761836751	66.57875159976476
4.517068208917424	66.33585871576581
4.519158655998096	66.09541937597585
4.523339550159442	65.62191809743624
4.531701338482131	64.70454011354622
4.548424915127511	62.989165852641854
4.550515362208184	62.78600982999885
4.552605809288856	62.585369402392736
4.556786703450202	62.19164931691595
4.5651484917728915	61.43454764803539
4.5672389388535635	61.251612116226106
4.569329385934236	61.071219000496235
4.573510280095581	60.71807258575764
4.581872068418272	60.04242450773625
4.5839625154989445	59.879914099868564
4.5860529625796165	59.719970085156724
4.590233856740962	59.4077923734811
4.598595645063652	58.81435367151164
4.615319221709032	57.7517088689461
4.617271225738325	57.638513007305036
4.619223229767618	57.52758903047808
4.623127237826205	57.31256345909904
4.630935253943379	56.90984699834756
4.632887257972673	56.81487161035354
4.634839262001966	56.72218066050601
4.638743270060553	56.54365769131849
4.646551286177727	56.214084835291
4.648503290207021	56.137422556381935
4.650455294236314	56.063055040796236
4.6543593022949015	55.92120879842101
4.656311306324195	55.85373223354688
4.6582633103534885	55.78855475579396
4.6621673184120755	55.665101000143046
4.664119322441369	55.606826603835785
4.666071326470663	55.55085505780253
4.66997533452925	55.44582389375412
4.671927338558543	55.39676587654619
4.673879342587837	55.35001391120234
4.677783350646424	55.263430951184205
4.679735354675717	55.223601276143285
4.681687358705011	55.186080292213056
4.683639362734304	55.150868571260574
4.685591366763598	55.11796664995681
4.687543370792891	55.0873750297685
4.689495374822185	55.05909417695046
4.691447378851478	55.033124522538515
4.693399382880772	55.00946646234289
4.695351386910065	54.98812035694225
4.697303390939359	54.9690865316781
4.699255394968652	54.95236527664993
4.701207398997946	54.93795684671071
4.7031594030272394	54.925861461463086
4.705111407056533	54.91607930525595
4.7070634110858265	54.90861052718168
4.709015415115119	54.903455241073864
4.710967419144412	54.90061352550556
4.712919423173705	54.900085423788084
4.714871427202999	54.90187094397038
4.716823431232292	54.905970058838875
4.718775435261586	54.91238270591788
4.720727439290879	54.92110878747059
4.722679443320173	54.93214817050052
4.724631447349466	54.94550068675358
4.72658345137876	54.9611661327206
4.728535455408053	54.97914426964044
4.730487459437347	54.99943482350367
4.7324394634666405	55.02203748505668
4.734391467495934	55.04695190980643
4.7363434715252275	55.07417771802572
4.7402474795838145	55.135561789828394
4.742161218894808	55.16902734457301
4.744074958205802	55.204712763623576
4.747902436827789	55.282741071025235
4.749816176138783	55.32508281629484
4.751729915449776	55.36964213972407
4.755557394071763	55.46541087748395
4.757471133382757	55.5166188888433
4.759384872693751	55.57004167244029
4.763212351315738	55.68352839342893
4.770867308559712	55.93704249453482
4.772781047870706	56.00594495496368
4.7746947871817	56.07705501921142
4.778522265803686	56.225893759909496
4.786177223047661	56.550014486021645
4.788090962358654	56.63654679941681
4.790004701669647	56.72527747858206
4.793832180291634	56.90932870256969
4.8014871375356085	57.303752190288556
4.803400876846602	57.40783323254789
4.805314616157595	57.514101341558984
4.809142094779583	57.73319250068948
4.816797052023556	58.19754897772902
4.81871079133455	58.3190811728051
4.820624530645544	58.442787085238194
4.824452009267531	58.69671278140188
4.832106966511505	59.2305669132515
4.834020705822499	59.369436324629405
4.835934445133493	59.51046406610804
4.839761923755479	59.798986243793394
4.847416880999454	60.40183754184405
4.8627267954874025	61.71026279650168
4.864802626746254	61.89816198414833
4.8668784580051065	62.08855701637122
4.871030120522811	62.476821444776924
4.879333445558218	63.28315316637838
4.895940095629033	65.01423545961111
4.898015926887885	65.24165040481151
4.900091758146737	65.47150356529592
4.904243420664441	65.93850864290806
4.912546745699848	66.90160025451407
4.929153395770664	68.943165746379
4.931229227029515	69.20909335115644
4.933305058288368	69.4773907872727
4.937456720806072	70.02107661495823
4.945760045841479	71.1366800437514
4.962366695912294	73.47972365231615
4.995579996053924	78.6038990059159
4.997517384261396	78.92047288553938
4.999454772468869	79.23896523081656
5.003329548883816	79.88168616238474
5.011079101713706	81.18993729302298
5.02657820737349	83.89656717522833
5.0575764186930545	89.6610861060444
5.119572841332186	102.5153517199036
5.121672321487517	102.97984618123766
5.123771801642848	103.44616935768168
5.12797076195351	104.38426893637569
5.136368682574835	106.28204877101882
5.153164523817485	110.16204689730394
5.186756206302784	118.24431234738368
5.253939571273382	135.56788762378335
5.385857359243383	173.00123005062213
5.508914791925125	210.07807510100284
5.642346109269801	249.9792238878896
5.766917071326217	284.51915830486575
5.768825227890049	285.0159926024029
5.77073338445388	285.5116862879511
5.774549697581543	286.4996229622143
5.78218232383687	288.4614924393769
5.797447576347523	292.32762164673056
5.827978081368828	299.8169261264475
5.8298862379326595	300.27376665919365
5.831794394496491	300.72924436224747
5.835610707624154	301.63608476449866
5.843243333879481	303.43312107243344
5.858508586390133	306.9591569444457
5.889039091411439	313.7276929448732
5.891109339923129	314.1724947209645
5.893179588434819	314.61545402180366
5.897320085458198	315.4958148536126
5.905601079504958	317.234094812363
5.922163067598477	320.6192300027749
5.955287043785516	327.0109821749839
5.957357292297206	327.3932200066226
5.959427540808896	327.7733887109786
5.9635680378322755	328.52749270344736
5.971849031879035	330.01058678156835
5.988411019972554	332.87490765390834
6.021534996159594	338.18528030599623
6.0234668016199056	338.4773948229804
6.025398607080216	338.767542236754
6.029262218000838	339.341918459431
6.036989439842081	340.46687707020715
6.0524438835245675	342.6206885758395
6.054375688984878	342.8808262963298
6.056307494445189	343.13893118151515
6.060171105365811	343.64902706496133
6.067898327207055	344.64465732281417
6.083352770889542	346.53684984766574
6.085284576349853	346.76401698821513
6.087216381810164	346.9890933272441
6.091079992730785	347.4329601927192
6.098807214572029	348.2954585705481
6.114261658254517	349.9188035219851
6.116193463714827	350.1121322540312
6.118125269175138	350.3033202056641
6.12198888009576	350.6792623838787
6.129716101937003	351.4053339477174
6.14517054561949	352.753629790112
6.1473270242653	352.93070309607543
6.14948350291111	353.1050562811212
6.153796460202729	353.445589366145
6.162422374785969	354.093874779917
6.164578853431778	354.2490991487262
6.166735332077588	354.40157887237876
6.171048289369208	354.6982930898718
6.179674203952446	355.2586644101031
6.181830682598256	355.39185506510097
6.183987161244065	355.52227981788616
6.188300118535685	355.7748219638917
6.196926033118924	356.2466121333411
6.199082511764734	356.3576105264584
6.201238990410544	356.4658250527934
6.205551947702164	356.67389450509717
6.2141778622854025	357.0565419121374
6.216334340931212	357.1452159126256
6.218490819577022	357.23109139563354
6.222803776868641	357.39444047161874
6.224960255514452	357.4719110260465
6.227116734160261	357.5465769859513
6.231429691451881	357.68748961877066
6.2335861700976904	357.7537336704888
6.2357426487435	357.8171678853399
6.24005560603512	357.93560213682537
6.242212084680929	357.99059997039666
6.24436856332674	358.0427835610153
6.248681520618359	358.1387041829749
6.250837999264168	358.1824394300414
6.2529944779099775	358.2233568656399
6.255150956555788	358.26145572864175
6.257307435201597	358.296735310348
6.259463913847407	358.32919495450324
6.261620392493217	358.3588340573069
6.263776871139027	358.3856520674252
6.265933349784836	358.40964848600095
6.2680898284306465	358.430822866663
6.270246307076456	358.44917481553455
6.2724027857222655	358.4647039912407
6.274559264368076	358.4774101049142
6.276715743013885	358.4872929202014
6.278872221659695	358.49435225326647
6.281028700305505	358.49858797279467
6.283185178951315	358.49999999999494