1.2822827157509358e-7	663.4999999999909
0.0019271654532543384	663.4979647487766
0.0038542026782371016	663.4918595670083
0.005781239903219865	663.4816845453715
0.0077082771282026286	663.4674398350049
0.009635314353185391	663.4491256474973
0.011562351578168154	663.4267422548857
0.013489388803150919	663.4002899896497
0.015416426028133682	663.369769244708
0.017343463253116444	663.3351804734119
0.01927050047809921	663.2965241895384
0.02119753770308197	663.2538009672833
0.023124574928064735	663.2070114412514
0.0250516121530475	663.1561563064488
0.02697864937803026	663.1012363182709
0.03083272382799579	662.9792051052533
0.03275976105297855	662.9120956930497
0.03468679827796131	662.8409250527159
0.03854087272792684	662.6864043766045
0.04046790995290961	662.6030566360572
0.04239494717789237	662.5156522578062
0.04624902162785789	662.3286788416034
0.04817605885284065	662.2291125809309
0.05010309607782342	662.1254952370713
0.05395717052778895	661.9061135164176
0.06166531942772	661.4188088268786
0.06359235665270277	661.2868803628
0.06551939387768553	661.1509148113308
0.06937346832765105	660.866880584616
0.07708161722758211	660.250459959533
0.07900865445256487	660.0862946997693
0.08093569167754763	659.9181101859599
0.08478976612751316	659.5696934486335
0.09249791502744421	658.8247428412055
0.09442495225242697	658.6284968369255
0.09635198947740975	658.4282532325419
0.10020606392737527	658.0157851803712
0.10791421282730632	657.1430127210108
0.12333051062716843	655.2068682072747
0.12541963980000953	654.9250163936395
0.12750876897285063	654.6385308385331
0.13168702731853285	654.0516785903653
0.14004354400989727	652.8225946676359
0.1567565773926261	650.1441376747935
0.1588457065654672	649.7887912518139
0.1609348357383083	649.428900754644
0.16511309408399052	648.6955127485637
0.17346961077535494	647.17448959531
0.19018264415808375	643.9169681138221
0.19227177333092488	643.4897146071079
0.19436090250376598	643.0580269943334
0.19853916084944817	642.1813796731753
0.20689567754081256	640.3752125265305
0.2236087109235414	636.5531796753854
0.25703477768899907	628.0856704048098
0.2589854638104611	627.5582139302588
0.26093614993192316	627.0271340463669
0.2648375221748473	625.954136439188
0.2726402666606955	623.7650196622441
0.28824575563239196	619.216183997914
0.3194567335757848	609.4518989528184
0.32140741969724684	608.8127710624678
0.32335810581870894	608.1703050812772
0.327259478061633	606.8753980121276
0.3350622225474812	604.2459604355281
0.35066771151917764	598.8308494594054
0.38187868946257053	587.3944070068648
0.3837911108657327	586.668117661157
0.3857035322688948	585.9389438632702
0.3895283750752191	584.471985622516
0.3971780606878676	581.5039278875237
0.41247743191316466	575.4336927728369
0.44307617436375885	562.7768495853066
0.5042736592649472	535.5667522509546
0.6370425137302576	469.6112427811691
0.7609510129073087	402.8917011623248
0.8952333967472936	329.7932023746617
1.0270668386160837	262.16211369963577
1.0289882930939045	261.2307166225795
1.0309097475717253	260.3012138174581
1.0347526565273668	258.4479459021764
1.0424384744386501	254.76474341631052
1.0578101102612165	247.4947079628509
1.0885533819063493	233.36399760631357
1.09047483638417	232.49987879397543
1.0923962908619909	231.63807854860477
1.0962391998176324	229.92148463236398
1.1039250177289157	226.5166772745987
1.1192966535514821	219.82338829441267
1.1500399251966147	206.92405546124075
1.1521234716222937	206.0742699927743
1.1542070180479729	205.22766964565503
1.1583741108993313	203.54408306352752
1.1667082966020477	200.215774458419
1.1833766680074809	193.71783280704307
1.216713410818347	181.38160877194693
1.218796957244026	180.6407542949786
1.2208805036697052	179.903526583143
1.2250475965210637	178.4400025984391
1.23338178222378	175.5570348383388
1.2500501536292132	169.97020192308415
1.2833868964400794	159.53432121082977
1.2853319998143795	158.95654226961395
1.2872771031886794	158.38225230149476
1.2911673099372796	157.24417399611764
1.29894772343448	155.0102639182879
1.3145085504288807	150.71330505171522
1.3164536538031808	150.19236273853215
1.318398757177481	149.67504203281706
1.322288963926081	148.6512967047477
1.3300693774232815	146.6476061262867
1.3456302044176822	142.81710468674032
1.3475753077919823	142.35501660009632
1.3495204111662824	141.896668728883
1.3534106179148826	140.99122132201742
1.361191031412083	139.2255104939472
1.3767518584064837	135.87630193208543
1.3786969617807838	135.47485772931847
1.380642065155084	135.07725786416995
1.384532271903684	134.29361515706972
1.3923126854008845	132.77272263989732
1.407873512395285	129.91777836929307
1.4097803510512852	129.58516867248213
1.4116871897072854	129.25633920739125
1.4155008670192857	128.61004004745692
1.4231282216432863	127.36301124757779
1.4383829308912877	125.05222876155383
1.4402897695472878	124.78064572691537
1.442196608203288	124.51291280154092
1.4460102855152883	123.9890127982869
1.453637640139289	122.98758167760371
1.4688923493872903	121.17099167098971
1.4707991880432905	120.96144616951426
1.4727060266992906	120.75580632418807
1.476519704011291	120.35625550853553
1.4841470586352916	119.60414953724994
1.4860538972912918	119.42592984234918
1.487960735947292	119.25163813632682
1.4917744132592923	118.91484877342714
1.499401767883293	118.2885136184864
1.501308606539293	118.14178560857201
1.5032154451952933	117.99900426427999
1.5070291225072936	117.72528982164648
1.5089359611632938	117.59436070423988
1.510842799819294	117.4673862142675
1.5146564771312943	117.22530844600949
1.5165633157872944	117.11020868853123
1.5184701544432946	116.99907060005077
1.522283831755295	116.7886858380623
1.524190670411295	116.68944222441489
1.5260975090672952	116.59416639944199
1.5299111863792956	116.41552360060255
1.5319801169831542	116.3252559875125
1.5340490475870125	116.2396656371347
1.5361179781908711	116.15875401493608
1.5381869087947297	116.082522506275
1.5402558393985881	116.01097241637751
1.5423247700024467	115.94410497031501
1.5464626312101637	115.82442250908292
1.548531561814022	115.77160954310096
1.5506004924178807	115.72348331929425
1.5526694230217393	115.68004466167373
1.5547383536255976	115.64129431399053
1.556807284229456	115.60723293972308
1.5588762148333146	115.57786112206584
1.5609451454371732	115.55317936391928
1.5630140760410316	115.53318808788129
1.56508300664489	115.5178876362399
1.5671519372487486	115.50727827096749
1.5692208678526072	115.50136017371621
1.5712897984564655	115.50013344581498
1.5733587290603241	115.5035981082677
1.5754276596641827	115.51175410175281
1.5774965902680411	115.52460128662449
1.5795655208718997	115.54213944291487
1.5816344514757583	115.56436827033792
1.5837033820796167	115.59128738829452
1.5857723126834753	115.62289633587899
1.587841243287334	115.65919457188704
1.5899101738911923	115.70018147482493
1.5919791044950509	115.74585634292022
1.5940480350989095	115.7962183941337
1.5961169657027678	115.85126676617283
1.5981858963066262	115.91100051650648
1.6002548269104848	115.9754186223811
1.6023237575143434	116.04451998083819
1.6043926881182018	116.1183034087332
1.6064616187220602	116.1967676427558
1.6085305493259188	116.27991133945153
1.6126684105336357	116.46023134646293
1.6147373411374941	116.55740456936273
1.6168062717413527	116.65925108015672
1.6209441329490697	116.87695691023045
1.6292198553645039	117.36836594053791
1.6312887859683625	117.50287216318279
1.6333577165722208	117.64203548554771
1.637495577779938	117.93432381879457
1.645771300195372	118.57467550419462
1.6478402307992304	118.74636734794925
1.649909161403089	118.9226950004599
1.654047022610806	119.2892455761899
1.66232274502624	120.07783828254519
1.6642532325787194	120.2724191793736
1.6661837201311989	120.47101348142965
1.6700446952361578	120.8802303995719
1.6777666454460756	121.74669083504195
1.6796971329985548	121.97329273590061
1.6816276205510343	122.20388268687734
1.6854885956559933	122.6770129300665
1.6932105458659112	123.67097479415585
1.6951410334183907	123.9293815252748
1.6970715209708702	124.19174714688057
1.7009324960758292	124.72833935814218
1.708654446285747	125.84885443072285
1.7240983467055826	128.27825209027532
1.726028834258062	128.59949883103752
1.7279593218105416	128.92463484433299
1.7318202969155005	129.58655524326463
1.7395422471254183	130.95685017508364
1.754986147545254	133.8820933550991
1.785873948384925	140.46111986983533
1.787966527885263	140.94150105042866
1.7900591073856007	141.42623586494028
1.794244266386276	142.40873235806185
1.8026145843876273	144.42559028352076
1.8193552203903298	148.6647623630176
1.8528364923957346	157.9479023379917
1.8549290718960725	158.56301673980815
1.8570216513964102	159.18217612535102
1.8612068103970856	160.43258639733617
1.8695771283984368	162.98146484672117
1.8863177644011393	168.2689299110694
1.919799036406544	179.58158306767197
1.9218533511885818	180.30687139205702
1.9239076659706198	181.03569106655794
1.9280162955346953	182.503875194228
1.9362335546628469	185.4820743475551
1.95266807291915	191.60296135678928
1.985537109431756	204.47924262146057
2.051275182456968	232.57056228799883
2.053191054187627	233.43235584931142
2.055106925918286	234.29644083323018
2.0589386693796037	236.03143428861605
2.0666021563022388	239.52835782457964
2.0819291301475094	246.62706535598613
2.1125830778380505	261.22041074574366
2.1738909732191334	291.7964804885718
2.3068806486442317	362.5198058026108
2.431009968781071	430.34606322153036
2.5655131735808445	500.88534825957487
2.567576521437541	501.91746722095826
2.569639869294238	502.9476717585905
2.573766565007631	505.00226741964343
2.582019956434417	509.0877159433257
2.5985267392879887	517.1597573486196
2.6315403049951334	532.8778254087633
2.6975674364094226	562.37366422856
2.6994923412147402	563.1907776348725
2.701417246020058	564.0053167674371
2.7052670556306926	565.6266239604649
2.7129666748519625	568.8378184586984
2.7283659132945024	575.1318759325112
2.759164390179582	587.1859886761115
2.7610892949848997	587.9149338874837
2.7630141997902173	588.6409383879992
2.766864009400852	590.084082259707
2.774563628622122	592.9346109670901
2.789962867064662	598.4902813879766
2.820761343949742	609.0018770530146
2.822848340702918	609.684484230195
2.824935337456094	610.363255310026
2.8291093309624458	611.7092419419452
2.837457317975149	614.3546662105991
2.8541532920005555	619.4567607202664
2.8562402887537313	620.0766091675695
2.858327285506907	620.6924404638801
2.8625012790132587	621.9120087571632
2.870849266025962	624.3024721619882
2.8875452400513684	628.8863979619855
2.889632236804544	629.4407241276766
2.89171923355772	629.9908699989242
2.8958932270640716	631.0785825920888
2.904241214076775	633.2034274161582
2.9209371881021817	637.2487473881046
2.954329136152995	644.5065260379862
2.956277689854792	644.8952271468728
2.958226243556589	645.2800494594184
2.9621233509601823	646.03803437664
2.9699175657673695	647.507205456457
2.9855059953817435	650.2571230736168
2.98745454908354	650.583095300452
2.989403102785337	650.9051023468643
2.9933002101889308	651.5372013968808
3.0010944249961176	652.7536061955229
3.016682854610492	654.9942284457361
3.018631408312289	655.2562048255736
3.020579962014086	655.514145052479
3.0244770694176792	656.0179014390575
3.0322712842248665	656.9768121235575
3.0342198379266634	657.2063930314937
3.0361683916284603	657.4319081681567
3.0400654990320537	657.8707274894854
3.047859713839241	658.6994303205762
3.049808267541038	658.8963926228348
3.0517568212428348	659.089263487075
3.055653928646428	659.4627192468346
3.0634481434536154	660.1604087934652
3.0653966971554123	660.3245610588743
3.0673452508572088	660.4846001960613
3.071242358260802	660.7923294259431
3.0790365730679894	661.3583275912085
3.080946862051486	661.4869739341843
3.0828571510349834	661.6116501381761
3.086677729001977	661.8490849076911
3.0885880179854737	661.9618400074273
3.0904983069689704	662.0706180366551
3.094318884935964	662.2762365904172
3.0962291739194607	662.373074113579
3.0981394629029575	662.4659285635311
3.1019600408699515	662.6396828804557
3.1038703298534482	662.7205802111713
3.1057806188369455	662.7974893962008
3.109601196803939	662.9393388969207
3.1115114857874357	663.0042771420625
3.1134217747709325	663.0652231004516
3.1153320637544297	663.1221758824717
3.1172423527379265	663.1751346567947
3.1191526417214233	663.2240986503921
3.1210629307049205	663.2690671485465
3.1229732196884172	663.3100394948615
3.124883508671914	663.3470150912722
3.1267937976554108	663.3799933980534
3.1287040866389075	663.4089739338272
3.1306143756224047	663.4339562755706
3.1325246646059015	663.4549400586214
3.1344349535893983	663.4719249766835
3.1363452425728955	663.4849107818318
3.1382555315563923	663.4938972845147
3.140165820539889	663.4988843535583
3.142076109523386	663.4998719161672
3.1439863985068826	663.4968599579264
3.1458966874903798	663.4898485228006
3.1478069764738765	663.4788377131343
3.1497172654573733	663.4638276896502
3.1516275544408705	663.4448186714466
3.1535378434243673	663.421810935994
3.155448132407864	663.3948048191322
3.157358421391361	663.3638007150635
3.1592687103748576	663.328799076349
3.1611789993583543	663.2898004139003
3.163089288341851	663.246805296973
3.164999577325348	663.1998143531583
3.1669098663088446	663.1488282683733
3.1707304442758386	663.0348737111328
3.1726407332593354	662.9719069020488
3.1745510222428326	662.9049482787137
3.178371600209826	662.75905955707
3.180281889193323	662.6801315882694
3.1821921781768197	662.5972160642032
3.186012756143813	662.4194272496662
3.18792304512731	662.324556554343
3.1898333341108067	662.2257034940111
3.1936539120778007	662.0160561081826
3.201295068011788	661.549040337735
3.203367448943143	661.4114221004434
3.2054398298744986	661.2691326896788
3.209584591737209	660.970550205509
3.21787411546263	660.3174440800246
3.219946496393985	660.1425293862915
3.22201887732534	659.9629653174266
3.2261636391880506	659.5899014730641
3.2344531629134714	658.7881223559103
3.2365255438448264	658.5761034996955
3.238597924776182	658.3594621780205
3.242742686638892	657.9123271043836
3.251032210364313	656.9627564382697
3.2676112578151546	654.8433530586892
3.2696836387465096	654.5578656662576
3.271756019677865	654.267824837779
3.2759007815405754	653.6741028812962
3.284190305265996	652.4322422013466
3.300769352716838	649.7320745415223
3.302841733648193	649.3743736798334
3.304914114579548	649.0122084294429
3.3090588764422586	648.27450972573
3.3173484001676794	646.745818531557
3.333927447618521	643.4767571374595
3.335861385498497	643.0771660788298
3.337795323378473	642.6737813931458
3.3416631991384254	641.8556553365348
3.34939895065833	640.1741490218445
3.3648704536981393	636.6315471725168
3.3958134597777576	628.8401554460806
3.3977473976577337	628.3224391970263
3.39968133553771	627.8011500581863
3.403549211297662	626.7478843593532
3.4112849628175668	624.5988249946791
3.426756465857376	620.132412519375
3.4576994719369947	610.5416573474429
3.4597955017648294	609.8609582424734
3.4618915315926637	609.1763866598102
3.4660835912483323	607.7956742500746
3.4744677105596704	604.9883135608353
3.4912359491823466	599.1926337935844
3.524772426427698	586.9006025676189
3.591845380918402	559.7126230253059
3.5939031460279365	558.8275071090115
3.595960911137471	557.9395231970461
3.6000764413565403	556.1550115955655
3.6083075017946786	552.5522374403525
3.624769622670955	545.215118267318
3.657693864423508	530.0426731419611
3.7235423479286145	497.9386594344722
3.8463789596505675	433.4841710013081
3.979589456035455	360.7290798017364
4.103939597132083	294.543531194191
4.105844303368418	293.56512743817626
4.107749009604753	292.58811585121816
4.111558422077422	290.6383258760921
4.119177247022762	286.7560744079745
4.134414896913441	279.0640330305315
4.164890196694799	263.994674792857
4.225840796257516	235.30850693930734
4.227907594441708	234.37357888894996
4.229974392625902	233.44130142086257
4.234107988994289	231.58476190372613
4.242375181731061	227.90418768457
4.258909567204608	220.67656439516537
4.291978338151699	206.78281586792565
4.2940451363358925	205.94037187270175
4.296111934520086	205.1010642864299
4.300245530888472	203.4319156505412
4.308512723625245	200.1318826655327
4.325047109098791	193.68801288771954
4.358115880045883	181.4494135311756
4.360044235178697	180.7633104016477
4.361972590311511	180.08031206247728
4.36582930057714	178.72367034508042
4.373542721108397	176.0480882801447
4.38896956217091	170.84994239377158
4.419823244295937	161.08278252748255
4.4217515994287515	160.50083650227214
4.423679954561566	159.92229665542015
4.427536664827194	158.7754698672586
4.435250085358451	156.5230656549111
4.4506769264209645	152.1851135120099
4.481530608545991	144.19080513128765
4.483621055626664	143.682617725123
4.4857115027073355	143.1787271700575
4.489892396868681	142.18387176968682
4.498254185191371	140.24610568003877
4.514977761836751	136.5802235726979
4.517068208917424	136.14180031699493
4.519158655998096	135.70780572475218
4.523339550159442	134.8531327977439
4.531701338482131	133.19725949348918
4.548424915127511	130.10099765233113
4.550515362208184	129.7342996931468
4.552605809288856	129.3721423995758
4.556786703450202	128.66147505161376
4.5651484917728915	127.29490155178983
4.5672389388535635	126.96470171176516
4.569329385934236	126.6390909495123
4.573510280095581	126.00165934451641
4.581872068418272	124.7821101127782
4.5839625154989445	124.48877775602098
4.5860529625796165	124.20007775581648
4.590233856740962	123.63659492973531
4.598595645063652	122.56543416333457
4.615319221709032	120.64735329440863
4.617271225738325	120.4430340184557
4.619223229767618	120.24281550955858
4.623127237826205	119.85469293671366
4.630935253943379	119.12778707211613
4.632887257972673	118.95635587112561
4.634839262001966	118.78904809603851
4.638743270060553	118.46681296061439
4.646551286177727	117.87193178438558
4.648503290207021	117.73355586593313
4.650455294236314	117.59932201039636
4.6543593022949015	117.3432886084806
4.656311306324195	117.22149296437314
4.6582633103534885	117.10384718766497
4.6621673184120755	116.88101234544922
4.664119322441369	116.77582667622532
4.666071326470663	116.67479766691628
4.66997533452925	116.48521572390399
4.671927338558543	116.39666567966835
4.673879342587837	116.31227807423873
4.677783350646424	116.15599526103075
4.679735354675717	116.08410243519933
4.681687358705011	116.01637681203145
4.683639362734304	115.95281942375095
4.685591366763598	115.89343123905248
4.687543370792891	115.83821316308675
4.689495374822185	115.7871660374468
4.691447378851478	115.74029064015514
4.693399382880772	115.69758768565185
4.695351386910065	115.65905782478374
4.697303390939359	115.62470164479444
4.699255394968652	115.5945196693154
4.701207398997946	115.56851235835794
4.7031594030272394	115.54668010830622
4.705111407056533	115.52902325191124
4.7070634110858265	115.51554205828576
4.709015415115119	115.5062367329001
4.710967419144412	115.50110741757919
4.712919423173705	115.50015419050023
4.714871427202999	115.50337706619159
4.716823431232292	115.5107759955326
4.718775435261586	115.52235086575426
4.720727439290879	115.53810150044097
4.722679443320173	115.55802765953321
4.724631447349466	115.58212903933122
4.72658345137876	115.61040527249962
4.728535455408053	115.64285592807299
4.730487459437347	115.67948051146247
4.7324394634666405	115.72027846446329
4.734391467495934	115.76524916526324
4.7363434715252275	115.81439192845221
4.7402474795838145	115.92519058243069
4.742161218894808	115.98559612920292
4.744074958205802	116.05000854567099
4.747902436827789	116.19085015455147
4.749816176138783	116.26727728369423
4.751729915449776	116.34770715602367
4.755557394071763	116.52057035856785
4.757471133382757	116.61300115641015
4.759384872693751	116.70942963273147
4.763212351315738	116.91427391172282
4.770867308559712	117.37186853427232
4.772781047870706	117.49623792924932
4.7746947871817	117.62459206366223
4.778522265803686	117.89324697111462
4.786177223047661	118.4782870169297
4.788090962358654	118.63447841264957
4.790004701669647	118.79463787306642
4.793832180291634	119.12685154482274
4.8014871375356085	119.8387885384655
4.803400876846602	120.02665550538946
4.805314616157595	120.2184701422079
4.809142094779583	120.61393112772672
4.816797052023556	121.45209762778491
4.81871079133455	121.67146404050457
4.820624530645544	121.89475402737328
4.824452009267531	122.35309158171353
4.832106966511505	123.31670180652773
4.834020705822499	123.5673620088831
4.835934445133493	123.82191801128855
4.839761923755479	124.34270244268372
4.847416880999454	125.43085300701757
4.8627267954874025	127.7925692110768
4.864802626746254	128.13172848258657
4.8668784580051065	128.4753927699981
4.871030120522811	129.1762126210071
4.879333445558218	130.6316466903009
4.895940095629033	133.75626163329014
4.898015926887885	134.16674710749902
4.900091758146737	134.58163357635758
4.904243420664441	135.42458081789727
4.912546745699848	137.16296752132314
4.929153395770664	140.84800668318738
4.931229227029515	141.3280077616394
4.933305058288368	141.81228640126955
4.937456720806072	142.793642901835
4.945760045841479	144.80731443997288
4.962366695912294	149.03652358850212
4.995579996053924	158.28569385784556
4.997517384261396	158.85711179603288
4.999454772468869	159.43199257736322
5.003329548883816	160.592108092842
5.011079101713706	162.95351000189916
5.02657820737349	167.8389947695162
5.0575764186930545	178.2439894140722
5.119572841332186	201.4460235260447
5.121672321487517	202.28443908866348
5.123771801642848	203.12615549410265
5.12797076195351	204.81943141348444
5.136368682574835	208.24493651685873
5.153164523817485	215.24835869473833
5.186756206302784	229.83690107498768
5.253939571273382	261.1060685699383
5.385857359243383	328.673498246841
5.508914791925125	395.5974478107693
5.642346109269801	467.61928422451746
5.766917071326217	529.9640933829593
5.768825227890049	530.860882562967
5.77073338445388	531.7556129308208
5.774549697581543	533.5388451360126
5.78218232383687	537.0800324663325
5.797447576347523	544.0584211541777
5.827978081368828	557.5766650767234
5.8298862379326595	558.4012652478199
5.831794394496491	559.2234055023439
5.835610707624154	560.860258402323
5.843243333879481	564.1039207763291
5.858508586390133	570.4684387534791
5.889039091411439	582.6856908227619
5.891109339923129	583.4885609587898
5.893179588434819	584.2881054148498
5.897320085458198	585.8771625157435
5.905601079504958	589.0147692924077
5.922163067598477	595.1249606110694
5.955287043785516	606.6621153883109
5.957357292297206	607.3520571924545
5.959427540808896	608.0382642082224
5.9635680378322755	609.3994268823755
5.971849031879035	612.076421463437
5.988411019972554	617.2465395070545
6.021534996159594	626.8317971267653
6.0234668016199056	627.3590657542597
6.025398607080216	627.8827837475008
6.029262218000838	628.9195366132022
6.036989439842081	630.9500943164478
6.0524438835245675	634.8377382725957
6.054375688984878	635.3072885717679
6.056307494445189	635.7731695898233
6.060171105365811	636.693896019759
6.067898327207055	638.4910151940126
6.083352770889542	641.906435166406
6.085284576349853	642.3164733515874
6.087216381810164	642.7227376262509
6.091079992730785	643.5239202424576
6.098807214572029	645.0807354962463
6.114261658254517	648.0108838275621
6.116193463714827	648.3598434624807
6.118125269175138	648.7049389746506
6.12198888009576	649.3835170828905
6.129716101937003	650.6940810386994
6.14517054561949	653.127763916276
6.1473270242653	653.4473824000308
6.14948350291111	653.7620910476102
6.153796460202729	654.376755509379
6.162422374785969	655.5469149518924
6.164578853431778	655.8270959601515
6.166735332077588	656.1023228658221
6.171048289369208	656.6378939830361
6.179674203952446	657.6493679075643
6.181830682598256	657.8897779172443
6.183987161244065	658.1251954552096
6.188300118535685	658.5810356924002
6.196926033118924	659.4326200562284
6.199082511764734	659.6329728870198
6.201238990410544	659.8283008199302
6.205551947702164	660.2038675520199
6.2141778622854025	660.8945486424615
6.216334340931212	661.054605797493
6.218490819577022	661.2096116100369
6.222803776868641	661.504457768271
6.224960255514452	661.6442926293594
6.227116734160261	661.7790651788581
6.231429691451881	662.0334134093754
6.2335861700976904	662.1529843591169
6.2357426487435	662.2674835348033
6.24005560603512	662.4812581389339
6.242212084680929	662.5805295908345
6.24436856332674	662.6747213156667
6.248681520618359	662.8478586701918
6.250837999264168	662.926801079258
6.2529944779099775	663.0006573200616
6.255150956555788	663.0694260187606
6.257307435201597	663.1331058961488
6.259463913847407	663.1916957676805
6.261620392493217	663.2451945434922
6.263776871139027	663.2936012284224
6.265933349784836	663.3369149220307
6.2680898284306465	663.3751348186145
6.270246307076456	663.4082602072232
6.2724027857222655	663.4362904716729
6.274559264368076	663.4592250905567
6.276715743013885	663.4770636372542
6.278872221659695	663.4898057799409
6.281028700305505	663.4974512815925
6.283185178951315	663.4999999999909